{["MONSTER_INDEX_TABLE_With_Level"]={["1825"]={["FullName"]="Forest Pirate",["IsBoss"]=false,["LevelRequest"]=1825,["Quest"]={["QuestName"]="DeepForestIsland",["NpcName"]="Deep Forest Quest Giver",["QuestLevel"]=1},["MobName"]="Forest Pirate",["SpawnLocation"]={}},["900"]={["FullName"]="Marine Captain",["IsBoss"]=false,["LevelRequest"]=900,["Quest"]={["QuestName"]="MarineQuest3",["NpcName"]="Marine Quest Giver",["QuestLevel"]=2},["MobName"]="Marine Captain",["SpawnLocation"]={}},["800"]={["FullName"]="Factory Staff",["IsBoss"]=false,["LevelRequest"]=800,["Quest"]={["QuestName"]="Area2Quest",["NpcName"]="Area 2 Quest Giver",["QuestLevel"]=2},["MobName"]="Factory Staff",["SpawnLocation"]={}},["2225"]={["FullName"]="Cake Guard",["IsBoss"]=false,["LevelRequest"]=2225,["Quest"]={["QuestName"]="CakeQuest1",["NpcName"]="Cake Quest Giver 1",["QuestLevel"]=2},["MobName"]="Cake Guard",["SpawnLocation"]={}},["2350"]={["FullName"]="Sweet Thief",["IsBoss"]=false,["LevelRequest"]=2350,["Quest"]={["QuestName"]="ChocQuest2",["NpcName"]="Chocolate Quest Giver 2",["QuestLevel"]=1},["MobName"]="Sweet Thief",["SpawnLocation"]={}},["1050"]={["FullName"]="Winter Warrior",["IsBoss"]=false,["LevelRequest"]=1050,["Quest"]={["QuestName"]="SnowMountainQuest",["NpcName"]="Snow Quest Giver",["QuestLevel"]=2},["MobName"]="Winter Warrior",["SpawnLocation"]={}},["1475"]={["FullName"]="Tide Keeper",["IsBoss"]=true,["LevelRequest"]=1475,["Quest"]={["QuestName"]="ForgottenQuest",["NpcName"]="Forgotten Quest Giver",["QuestLevel"]=3},["MobName"]="Tide Keeper",["SpawnLocation"]={}},["2475"]={["FullName"]="Island Boy",["IsBoss"]=false,["LevelRequest"]=2475,["Quest"]={["QuestName"]="TikiQuest1",["NpcName"]="Tiki Quest Giver 1",["QuestLevel"]=2},["MobName"]="Island Boy",["SpawnLocation"]={}},["1750"]={["FullName"]="Kilo Admiral",["IsBoss"]=true,["LevelRequest"]=1750,["Quest"]={["QuestName"]="MarineTreeIsland",["NpcName"]="Marine Tree Quest Giver",["QuestLevel"]=3},["MobName"]="Kilo Admiral",["SpawnLocation"]={}},["1800"]={["FullName"]="Fishman Captain",["IsBoss"]=false,["LevelRequest"]=1800,["Quest"]={["QuestName"]="DeepForestIsland3",["NpcName"]="Turtle Adventure Quest Giver",["QuestLevel"]=2},["MobName"]="Fishman Captain",["SpawnLocation"]={}},["675"]={["FullName"]="Cyborg",["IsBoss"]=true,["LevelRequest"]=675,["Quest"]={["QuestName"]="FountainQuest",["NpcName"]="Freezeburg Quest Giver",["QuestCFrame"]=CFrame.new(5259.81982421875,37.350006103515625,4050.029052734375,0.08713138103485107,0,0.9961968660354614,0,1,0,-0.9961968660354614,0,0.08713138103485107),["QuestLevel"]=3},["MobName"]="Cyborg",["SpawnLocation"]={[1]=CFrame.new(6216.625,8.337997436523438,3990.00390625,0.17362433671951294,0,0.9848119020462036,0,1,0,-0.9848119020462036,0,0.17362433671951294)}},["1000"]={["FullName"]="Snow Trooper",["IsBoss"]=false,["LevelRequest"]=1000,["Quest"]={["QuestName"]="SnowMountainQuest",["NpcName"]="Snow Quest Giver",["QuestLevel"]=1},["MobName"]="Snow Trooper",["SpawnLocation"]={}},["1400"]={["FullName"]="Awakened Ice Admiral",["IsBoss"]=true,["LevelRequest"]=1400,["Quest"]={["QuestName"]="FrostQuest",["NpcName"]="Frost Quest Giver",["QuestLevel"]=3},["MobName"]="Awakened Ice Admiral",["SpawnLocation"]={}},["2400"]={["FullName"]="Candy Pirate",["IsBoss"]=false,["LevelRequest"]=2400,["Quest"]={["QuestName"]="CandyQuest1",["NpcName"]="Candy Cane Quest Giver",["QuestLevel"]=1},["MobName"]="Candy Pirate",["SpawnLocation"]={}},["240"]={["FullName"]="Swan",["IsBoss"]=true,["LevelRequest"]=240,["Quest"]={["QuestName"]="ImpelQuest",["NpcName"]="Head Jailer",["QuestCFrame"]=CFrame.new(5191.86083984375,2.839996337890625,686.4390258789062,-0.7313846349716187,0,0.681965172290802,0,1,0,-0.681965172290802,0,-0.7313846349716187),["QuestLevel"]=3},["MobName"]="Swan",["SpawnLocation"]={[1]=CFrame.new(5325.09423828125,8.636001586914062,719.5689697265625,-0.30906081199645996,0,0.9510422348976135,0,1,0,-0.9510422348976135,0,-0.30906081199645996)}},["2500"]={["FullName"]="Sun-kissed Warrior",["IsBoss"]=false,["LevelRequest"]=2500,["Quest"]={["QuestName"]="TikiQuest2",["NpcName"]="Tiki Quest Giver 2",["QuestLevel"]=1},["MobName"]="Sun-kissed Warrior",["SpawnLocation"]={}},["2000"]={["FullName"]="Living Zombie",["IsBoss"]=false,["LevelRequest"]=2000,["Quest"]={["QuestName"]="HauntedQuest1",["NpcName"]="Haunted Castle Quest Giver 1",["QuestLevel"]=2},["MobName"]="Living Zombie",["SpawnLocation"]={}},["230"]={["FullName"]="Chief Warden",["IsBoss"]=true,["LevelRequest"]=230,["Quest"]={["QuestName"]="ImpelQuest",["NpcName"]="Head Jailer",["QuestCFrame"]=CFrame.new(5191.86083984375,2.839996337890625,686.4390258789062,-0.7313846349716187,0,0.681965172290802,0,1,0,-0.681965172290802,0,-0.7313846349716187),["QuestLevel"]=2},["MobName"]="Chief Warden",["SpawnLocation"]={[1]=CFrame.new(5206.9267578125,0.3910064697265625,814.9760131835938,0.3420426845550537,0,0.9396843910217285,0,1,0,-0.9396843910217285,0,0.3420426845550537)}},["1950"]={["FullName"]="Beautiful Pirate",["IsBoss"]=true,["LevelRequest"]=1950,["Quest"]={["QuestName"]="DeepForestIsland2",["NpcName"]="Deep Forest Area 2 Quest Giver",["QuestLevel"]=3},["MobName"]="Beautiful Pirate",["SpawnLocation"]={}},["850"]={["FullName"]="Jeremy",["IsBoss"]=true,["LevelRequest"]=850,["Quest"]={["QuestName"]="Area2Quest",["NpcName"]="Area 2 Quest Giver",["QuestLevel"]=3},["MobName"]="Jeremy",["SpawnLocation"]={}},["1725"]={["FullName"]="Marine Rear Admiral",["IsBoss"]=false,["LevelRequest"]=1725,["Quest"]={["QuestName"]="MarineTreeIsland",["NpcName"]="Marine Tree Quest Giver",["QuestLevel"]=2},["MobName"]="Marine Rear Admiral",["SpawnLocation"]={}},["700"]={["FullName"]="Raider",["IsBoss"]=false,["LevelRequest"]=700,["Quest"]={["QuestName"]="Area1Quest",["NpcName"]="Area 1 Quest Giver",["QuestLevel"]=1},["MobName"]="Raider",["SpawnLocation"]={}},["1375"]={["FullName"]="Snow Lurker",["IsBoss"]=false,["LevelRequest"]=1375,["Quest"]={["QuestName"]="FrostQuest",["NpcName"]="Frost Quest Giver",["QuestLevel"]=2},["MobName"]="Snow Lurker",["SpawnLocation"]={}},["2375"]={["FullName"]="Candy Rebel",["IsBoss"]=false,["LevelRequest"]=2375,["Quest"]={["QuestName"]="ChocQuest2",["NpcName"]="Chocolate Quest Giver 2",["QuestLevel"]=2},["MobName"]="Candy Rebel",["SpawnLocation"]={}},["300"]={["FullName"]="Military Soldier",["IsBoss"]=false,["LevelRequest"]=300,["Quest"]={["QuestName"]="MagmaQuest",["NpcName"]="The Mayor",["QuestCFrame"]=CFrame.new(-5313.3701171875,10.949996948242188,8515.2939453125,-0.49995946884155273,0,0.8660488128662109,0,1,0,-0.8660488128662109,0,-0.49995946884155273),["QuestLevel"]=1},["MobName"]="Military Soldier",["SpawnLocation"]={[1]=CFrame.new(-5439.8017578125,9.100006103515625,8349.1689453125,1,0,0,0,1,0,0,0,1),[2]=CFrame.new(-5667.7998046875,9.100006103515625,8428.666015625,-0.8386887311935425,0,-0.5446112155914307,0,1,0,0.5446112155914307,0,-0.8386887311935425),[3]=CFrame.new(-5565.60205078125,9.100006103515625,8327.5693359375,-0.8386887311935425,0,-0.5446112155914307,0,1,0,0.5446112155914307,0,-0.8386887311935425),[4]=CFrame.new(-5287.2001953125,9.100006103515625,8659.865234375,-0.8386887311935425,0,-0.5446112155914307,0,1,0,0.5446112155914307,0,-0.8386887311935425),[5]=CFrame.new(-5413.60107421875,9.100006103515625,8591.2646484375,0.9612739682197571,-0,-0.2755945920944214,0,1,-0,0.2755945920944214,0,0.9612739682197571)}},["1325"]={["FullName"]="Ship Officer",["IsBoss"]=false,["LevelRequest"]=1325,["Quest"]={["QuestName"]="ShipQuest2",["NpcName"]="Front Crew Quest Giver",["QuestLevel"]=2},["MobName"]="Ship Officer",["SpawnLocation"]={}},["1450"]={["FullName"]="Water Fighter",["IsBoss"]=false,["LevelRequest"]=1450,["Quest"]={["QuestName"]="ForgottenQuest",["NpcName"]="Forgotten Quest Giver",["QuestLevel"]=2},["MobName"]="Water Fighter",["SpawnLocation"]={}},["950"]={["FullName"]="Zombie",["IsBoss"]=false,["LevelRequest"]=950,["Quest"]={["QuestName"]="ZombieQuest",["NpcName"]="Graveyard Quest Giver",["QuestLevel"]=1},["MobName"]="Zombie",["SpawnLocation"]={}},["650"]={["FullName"]="Galley Captain",["IsBoss"]=false,["LevelRequest"]=650,["Quest"]={["QuestName"]="FountainQuest",["NpcName"]="Freezeburg Quest Giver",["QuestCFrame"]=CFrame.new(5259.81982421875,37.350006103515625,4050.029052734375,0.08713138103485107,0,0.9961968660354614,0,1,0,-0.9961968660354614,0,0.08713138103485107),["QuestLevel"]=2},["MobName"]="Galley Captain",["SpawnLocation"]={[1]=CFrame.new(5792.35400390625,58.93499755859375,4823.9228515625,-0.9397009611129761,0,-0.3419983685016632,0,1,0,0.3419983685016632,0,-0.9397009611129761),[2]=CFrame.new(5557.0078125,39.3489990234375,4996.39892578125,1,0,0,0,1,0,0,0,1),[3]=CFrame.new(5892.35400390625,39.93499755859375,4951.9228515625,0.2588643431663513,0,0.965913712978363,0,1,0,-0.965913712978363,0,0.2588643431663513),[4]=CFrame.new(5352.0078125,39.3489990234375,4929.39892578125,0.9062966704368591,-0,-0.4226420819759369,0,1,-0,0.4226420819759369,0,0.9062966704368591),[5]=CFrame.new(5584.0078125,60.3489990234375,4856.39892578125,-0.17362427711486816,0,0.9848119020462036,0,1,0,-0.9848119020462036,0,-0.17362427711486816),[6]=CFrame.new(5417.0078125,61.3489990234375,4780.39892578125,-0.9848126173019409,0,0.17362114787101746,0,1,0,-0.17362114787101746,0,-0.9848126173019409),[7]=CFrame.new(5922.3720703125,58.93499755859375,4765.8408203125,-0.9397009611129761,0,-0.3419983685016632,0,1,0,0.3419983685016632,0,-0.9397009611129761),[8]=CFrame.new(5954.9619140625,39.3489990234375,4882.10205078125,0.6427633166313171,0,0.7660649418830872,0,1,0,-0.7660649418830872,0,0.6427633166313171)}},["750"]={["FullName"]="Diamond",["IsBoss"]=true,["LevelRequest"]=750,["Quest"]={["QuestName"]="Area1Quest",["NpcName"]="Area 1 Quest Giver",["QuestLevel"]=3},["MobName"]="Diamond",["SpawnLocation"]={}},["1350"]={["FullName"]="Arctic Warrior",["IsBoss"]=false,["LevelRequest"]=1350,["Quest"]={["QuestName"]="FrostQuest",["NpcName"]="Frost Quest Giver",["QuestLevel"]=1},["MobName"]="Arctic Warrior",["SpawnLocation"]={}},["1175"]={["FullName"]="Magma Ninja",["IsBoss"]=false,["LevelRequest"]=1175,["Quest"]={["QuestName"]="FireSideQuest",["NpcName"]="Fire Quest Giver",["QuestLevel"]=1},["MobName"]="Magma Ninja",["SpawnLocation"]={}},["325"]={["FullName"]="Military Spy",["IsBoss"]=false,["LevelRequest"]=325,["Quest"]={["QuestName"]="MagmaQuest",["NpcName"]="The Mayor",["QuestCFrame"]=CFrame.new(-5313.3701171875,10.949996948242188,8515.2939453125,-0.49995946884155273,0,0.8660488128662109,0,1,0,-0.8660488128662109,0,-0.49995946884155273),["QuestLevel"]=2},["MobName"]="Military Spy",["SpawnLocation"]={[1]=CFrame.new(-5787.0048828125,78.5,8651.6630859375,0.8386886119842529,-0,-0.5446112155914307,0,1,-0,0.5446112155914307,0,0.8386886119842529),[2]=CFrame.new(-5857.30419921875,78.5,8775.9677734375,-0.5150372982025146,0,0.8571677207946777,0,1,0,-0.8571677207946777,0,-0.5150372982025146),[3]=CFrame.new(-5806.701171875,78.5,8904.4697265625,0.7071342468261719,0,0.707079291343689,0,1,0,-0.707079291343689,0,0.7071342468261719),[4]=CFrame.new(-5917.7041015625,78.5,8844.5693359375,0.49995946884155273,-0,-0.8660488128662109,0,1,-0,0.8660488128662109,0,0.49995946884155273)}},["1850"]={["FullName"]="Mythological Pirate",["IsBoss"]=false,["LevelRequest"]=1850,["Quest"]={["QuestName"]="DeepForestIsland",["NpcName"]="Deep Forest Quest Giver",["QuestLevel"]=2},["MobName"]="Mythological Pirate",["SpawnLocation"]={}},["2200"]={["FullName"]="Cookie Crafter",["IsBoss"]=false,["LevelRequest"]=2200,["Quest"]={["QuestName"]="CakeQuest1",["NpcName"]="Cake Quest Giver 1",["QuestLevel"]=1},["MobName"]="Cookie Crafter",["SpawnLocation"]={}},["2450"]={["FullName"]="Isle Outlaw",["IsBoss"]=false,["LevelRequest"]=2450,["Quest"]={["QuestName"]="TikiQuest1",["NpcName"]="Tiki Quest Giver 1",["QuestLevel"]=1},["MobName"]="Isle Outlaw",["SpawnLocation"]={}},["1900"]={["FullName"]="Jungle Pirate",["IsBoss"]=false,["LevelRequest"]=1900,["Quest"]={["QuestName"]="DeepForestIsland2",["NpcName"]="Deep Forest Area 2 Quest Giver",["QuestLevel"]=1},["MobName"]="Jungle Pirate",["SpawnLocation"]={}},["1775"]={["FullName"]="Fishman Raider",["IsBoss"]=false,["LevelRequest"]=1775,["Quest"]={["QuestName"]="DeepForestIsland3",["NpcName"]="Turtle Adventure Quest Giver",["QuestLevel"]=1},["MobName"]="Fishman Raider",["SpawnLocation"]={}},["525"]={["FullName"]="Royal Squad",["IsBoss"]=false,["LevelRequest"]=525,["Quest"]={["QuestName"]="SkyExp2Quest",["NpcName"]="Sky Quest Giver 2",["QuestCFrame"]=CFrame.new(-7904.68505859375,5634.6611328125,-1409.967041015625,0,0,-1,0,1,0,1,0,0),["QuestLevel"]=1},["MobName"]="Royal Squad",["SpawnLocation"]={[1]=CFrame.new(-7842.9501953125,5606.93701171875,-1403.012939453125,-0.17362427711486816,0,-0.9848119020462036,0,1,0,0.9848119020462036,0,-0.17362427711486816),[2]=CFrame.new(-7724.9501953125,5606.93701171875,-1511.012939453125,-0.9961918592453003,0,0.08718843013048172,0,1,0,-0.08718843013048172,0,-0.9961918592453003),[3]=CFrame.new(-7527.9501953125,5606.93701171875,-1539.012939453125,-0.9961918592453003,0,0.08718843013048172,0,1,0,-0.08718843013048172,0,-0.9961918592453003),[4]=CFrame.new(-7513.9501953125,5606.93701171875,-1421.012939453125,0.49995946884155273,0,0.8660488128662109,0,1,0,-0.8660488128662109,0,0.49995946884155273),[5]=CFrame.new(-7669.9501953125,5606.93701171875,-1379.012939453125,0.49995946884155273,0,0.8660488128662109,0,1,0,-0.8660488128662109,0,0.49995946884155273)}},["425"]={["FullName"]="Fishman Lord",["IsBoss"]=true,["LevelRequest"]=425,["Quest"]={["QuestName"]="FishmanQuest",["NpcName"]="King Neptune",["QuestCFrame"]=CFrame.new(61121.109375,17.9530029296875,1564.5260009765625,-0.913477897644043,0,-0.40688830614089966,0,1,0,0.40688830614089966,0,-0.913477897644043),["QuestLevel"]=3},["MobName"]="Fishman Lord",["SpawnLocation"]={[1]=CFrame.new(61352.90234375,35.061004638671875,1029.1109619140625,-0.9999120235443115,0,-0.013293299823999405,0,1,0,0.013293299823999405,0,-0.9999120235443115)}},["725"]={["FullName"]="Mercenary",["IsBoss"]=false,["LevelRequest"]=725,["Quest"]={["QuestName"]="Area1Quest",["NpcName"]="Area 1 Quest Giver",["QuestLevel"]=2},["MobName"]="Mercenary",["SpawnLocation"]={}},["625"]={["FullName"]="Galley Pirate",["IsBoss"]=false,["LevelRequest"]=625,["Quest"]={["QuestName"]="FountainQuest",["NpcName"]="Freezeburg Quest Giver",["QuestCFrame"]=CFrame.new(5259.81982421875,37.350006103515625,4050.029052734375,0.08713138103485107,0,0.9961968660354614,0,1,0,-0.9961968660354614,0,0.08713138103485107),["QuestLevel"]=1},["MobName"]="Galley Pirate",["SpawnLocation"]={[1]=CFrame.new(5717.0732421875,57.3489990234375,4042.322021484375,1,0,0,0,1,0,0,0,1),[2]=CFrame.new(5654.0732421875,39.3489990234375,3914.322021484375,-0.9961918592453003,0,-0.08718843013048172,0,1,0,0.08718843013048172,0,-0.9961918592453003),[3]=CFrame.new(5838.0732421875,39.3489990234375,3914.322021484375,-0.9062966108322144,0,0.4226420819759369,0,1,0,-0.4226420819759369,0,-0.9062966108322144),[4]=CFrame.new(5483.0732421875,55.3489990234375,4059.322021484375,1,0,0,0,1,0,0,0,1),[5]=CFrame.new(5522.0732421875,39.3489990234375,3934.322021484375,-0.5735992193222046,0,0.8191365599632263,0,1,0,-0.8191365599632263,0,-0.5735992193222046),[6]=CFrame.new(5348.283203125,39.3489990234375,3953.2548828125,-0.5735992193222046,0,-0.8191365599632263,0,1,0,0.8191365599632263,0,-0.5735992193222046)}},["1100"]={["FullName"]="Lab Subordinate",["IsBoss"]=false,["LevelRequest"]=1100,["Quest"]={["QuestName"]="IceSideQuest",["NpcName"]="Ice Quest Giver",["QuestLevel"]=1},["MobName"]="Lab Subordinate",["SpawnLocation"]={}},["500"]={["FullName"]="Wysper",["IsBoss"]=true,["LevelRequest"]=500,["Quest"]={["QuestName"]="SkyExp1Quest",["NpcName"]="Mole",["QuestCFrame"]=CFrame.new(-4721.88916015625,843.875,-1949.9659423828125,0.9961918592453003,-0,-0.08718843013048172,0,1,-0,0.08718843013048172,0,0.9961918592453003),["QuestLevel"]=3},["MobName"]="Wysper",["SpawnLocation"]={[1]=CFrame.new(-7995.296875,5542.3408203125,-709.2750244140625,-0.08713150024414062,0,-0.9961968660354614,0,1,0,0.9961968660354614,0,-0.08713150024414062)}},["400"]={["FullName"]="Fishman Commando",["IsBoss"]=false,["LevelRequest"]=400,["Quest"]={["QuestName"]="FishmanQuest",["NpcName"]="King Neptune",["QuestCFrame"]=CFrame.new(61121.109375,17.9530029296875,1564.5260009765625,-0.913477897644043,0,-0.40688830614089966,0,1,0,0.40688830614089966,0,-0.913477897644043),["QuestLevel"]=2},["MobName"]="Fishman Commando",["SpawnLocation"]={[1]=CFrame.new(61785.90234375,18.080001831054688,1284.1109619140625,-0.4105645418167114,0,-0.9118314981460571,0,1,0,0.9118314981460571,0,-0.4105645418167114),[2]=CFrame.new(61760.8984375,18.080001831054688,1460.1109619140625,-0.6325496435165405,0,-0.7745202779769897,0,1,0,0.7745202779769897,0,-0.6325496435165405),[3]=CFrame.new(62051.90234375,18.080001831054688,1422.1109619140625,0.07390367984771729,0,0.9972653985023499,0,1,0,-0.9972653985023499,0,0.07390367984771729),[4]=CFrame.new(61976.90234375,18.080001831054688,1617.1109619140625,0.9006074666976929,0,0.4346335232257843,0,1,0,-0.4346335232257843,0,0.9006074666976929),[5]=CFrame.new(61697.8984375,18.080001831054688,1519.1109619140625,-0.9972636699676514,0,0.07392733544111252,0,1,0,-0.07392733544111252,0,-0.9972636699676514),[6]=CFrame.new(61858.8984375,18.080001831054688,1695.1109619140625,0.6976779699325562,0,0.7164115905761719,0,1,0,-0.7164115905761719,0,0.6976779699325562)}},["1500"]={["FullName"]="Pirate Millionaire",["IsBoss"]=false,["LevelRequest"]=1500,["Quest"]={["QuestName"]="PiratePortQuest",["NpcName"]="Pirate Port Quest Giver",["QuestLevel"]=1},["MobName"]="Pirate Millionaire",["SpawnLocation"]={}},["2425"]={["FullName"]="Snow Demon",["IsBoss"]=false,["LevelRequest"]=2425,["Quest"]={["QuestName"]="CandyQuest1",["NpcName"]="Candy Cane Quest Giver",["QuestLevel"]=2},["MobName"]="Snow Demon",["SpawnLocation"]={}},["100"]={["FullName"]="Snowman",["IsBoss"]=false,["LevelRequest"]=100,["Quest"]={["QuestName"]="SnowQuest",["NpcName"]="Villager",["QuestCFrame"]=CFrame.new(1387.1885986328125,86.62101745605469,-1295.0445556640625,-0.259179949760437,0,0.9658293128013611,0,1,0,-0.9658293128013611,0,-0.259179949760437),["QuestLevel"]=2},["MobName"]="Snowman",["SpawnLocation"]={[1]=CFrame.new(1148.2490234375,106.80999755859375,-1429.3199462890625,-0.7071342468261719,0,-0.707079291343689,0,1,0,0.707079291343689,0,-0.7071342468261719),[2]=CFrame.new(1190.0889892578125,106.80999755859375,-1626.5810546875,0,0,-1,0,1,0,1,0,0),[3]=CFrame.new(1035.97900390625,106.80999755859375,-1489.3599853515625,-0.7071342468261719,0,0.707079291343689,0,1,0,-0.707079291343689,0,-0.7071342468261719),[4]=CFrame.new(1265.489013671875,106.80999755859375,-1483.4200439453125,0,0,1,0,1,-0,-1,0,0)}},["2050"]={["FullName"]="Posessed Mummy",["IsBoss"]=false,["LevelRequest"]=2050,["Quest"]={["QuestName"]="HauntedQuest2",["NpcName"]="Haunted Castle Quest Giver 2",["QuestLevel"]=2},["MobName"]="Posessed Mummy",["SpawnLocation"]={}},["2100"]={["FullName"]="Peanut President",["IsBoss"]=false,["LevelRequest"]=2100,["Quest"]={["QuestName"]="NutsIslandQuest",["NpcName"]="Peanut Quest Giver",["QuestLevel"]=2},["MobName"]="Peanut President",["SpawnLocation"]={}},["2625"]={["FullName"]="Coral Pirate",["IsBoss"]=false,["LevelRequest"]=2625,["Quest"]={["QuestName"]="SubmergedQuest1",["NpcName"]="Submerged Quest Giver 1",["QuestLevel"]=2},["MobName"]="Coral Pirate",["SpawnLocation"]={}},["1625"]={["FullName"]="Hydra Enforcer",["IsBoss"]=false,["LevelRequest"]=1625,["Quest"]={["QuestName"]="VenomCrewQuest",["NpcName"]="Hydra Town Quest Giver",["QuestLevel"]=1},["MobName"]="Hydra Enforcer",["SpawnLocation"]={}},["90"]={["FullName"]="Snow Bandit",["IsBoss"]=false,["LevelRequest"]=90,["Quest"]={["QuestName"]="SnowQuest",["NpcName"]="Villager",["QuestCFrame"]=CFrame.new(1387.1885986328125,86.62101745605469,-1295.0445556640625,-0.259179949760437,0,0.9658293128013611,0,1,0,-0.9658293128013611,0,-0.259179949760437),["QuestLevel"]=1},["MobName"]="Snow Bandit",["SpawnLocation"]={[1]=CFrame.new(1199.3280029296875,88.79000854492188,-1329.0379638671875,-1,0,0,0,1,0,0,0,-1),[2]=CFrame.new(1381.324951171875,88.79000854492188,-1464.9429931640625,-0.9659297466278076,0,0.2588047981262207,0,1,0,-0.2588047981262207,0,-0.9659297466278076),[3]=CFrame.new(1316.1629638671875,88.79000854492188,-1396.5240478515625,-0.7071342468261719,0,-0.707079291343689,0,1,0,0.707079291343689,0,-0.7071342468261719),[4]=CFrame.new(1458.7080078125,88.79000854492188,-1447.1500244140625,-0.7071342468261719,0,0.707079291343689,0,1,0,-0.707079291343689,0,-0.7071342468261719),[5]=CFrame.new(1273.748046875,88.79000854492188,-1345.8399658203125,0.7071342468261719,-0,-0.707079291343689,0,1,-0,0.707079291343689,0,0.7071342468261719)}},["75"]={["FullName"]="Desert Officer",["IsBoss"]=false,["LevelRequest"]=75,["Quest"]={["QuestName"]="DesertQuest",["NpcName"]="Desert Adventurer",["QuestCFrame"]=CFrame.new(894.489013671875,5.1399993896484375,4392.43408203125,0.8191556930541992,-0,-0.5735712647438049,0,1,-0,0.5735712647438049,0,0.8191556930541992),["QuestLevel"]=2},["MobName"]="Desert Officer",["SpawnLocation"]={[1]=CFrame.new(1664.676025390625,14.748001098632812,4317.791015625,-0.34174561500549316,0,0.9397925138473511,0,1,0,-0.9397925138473511,0,-0.34174561500549316),[2]=CFrame.new(1671.76904296875,9.748001098632812,4392.88818359375,-0.34174561500549316,0,0.9397925138473511,0,1,0,-0.9397925138473511,0,-0.34174561500549316),[3]=CFrame.new(1578.365966796875,3.8849945068359375,4299.23291015625,-0.7071342468261719,0,0.707079291343689,0,1,0,-0.707079291343689,0,-0.7071342468261719),[4]=CFrame.new(1611.27099609375,1.31500244140625,4465.52978515625,0.8660072684288025,0,0.5000314116477966,0,1,0,-0.5000314116477966,0,0.8660072684288025)}},["2275"]={["FullName"]="Head Baker",["IsBoss"]=false,["LevelRequest"]=2275,["Quest"]={["QuestName"]="CakeQuest2",["NpcName"]="Cake Quest Giver 2",["QuestLevel"]=2},["MobName"]="Head Baker",["SpawnLocation"]={}},["1275"]={["FullName"]="Ship Engineer",["IsBoss"]=false,["LevelRequest"]=1275,["Quest"]={["QuestName"]="ShipQuest1",["NpcName"]="Rear Crew Quest Giver",["QuestLevel"]=2},["MobName"]="Ship Engineer",["SpawnLocation"]={}},["1425"]={["FullName"]="Sea Soldier",["IsBoss"]=false,["LevelRequest"]=1425,["Quest"]={["QuestName"]="ForgottenQuest",["NpcName"]="Forgotten Quest Giver",["QuestLevel"]=1},["MobName"]="Sea Soldier",["SpawnLocation"]={}},["925"]={["FullName"]="Orbitus",["IsBoss"]=true,["LevelRequest"]=925,["Quest"]={["QuestName"]="MarineQuest3",["NpcName"]="Marine Quest Giver",["QuestLevel"]=3},["MobName"]="Orbitus",["SpawnLocation"]={}},["1675"]={["FullName"]="Hydra Leader",["IsBoss"]=true,["LevelRequest"]=1675,["Quest"]={["QuestName"]="VenomCrewQuest",["NpcName"]="Hydra Town Quest Giver",["QuestLevel"]=3},["MobName"]="Hydra Leader",["SpawnLocation"]={}},["2025"]={["FullName"]="Demonic Soul",["IsBoss"]=false,["LevelRequest"]=2025,["Quest"]={["QuestName"]="HauntedQuest2",["NpcName"]="Haunted Castle Quest Giver 2",["QuestLevel"]=1},["MobName"]="Demonic Soul",["SpawnLocation"]={}},["2550"]={["FullName"]="Serpent Hunter",["IsBoss"]=false,["LevelRequest"]=2550,["Quest"]={["QuestName"]="TikiQuest3",["NpcName"]="Tiki Quest Giver 3",["QuestLevel"]=1},["MobName"]="Serpent Hunter",["SpawnLocation"]={}},["1550"]={["FullName"]="Stone",["IsBoss"]=true,["LevelRequest"]=1550,["Quest"]={["QuestName"]="PiratePortQuest",["NpcName"]="Pirate Port Quest Giver",["QuestLevel"]=3},["MobName"]="Stone",["SpawnLocation"]={}},["2250"]={["FullName"]="Baking Staff",["IsBoss"]=false,["LevelRequest"]=2250,["Quest"]={["QuestName"]="CakeQuest2",["NpcName"]="Cake Quest Giver 2",["QuestLevel"]=1},["MobName"]="Baking Staff",["SpawnLocation"]={}},["2325"]={["FullName"]="Chocolate Bar Battler",["IsBoss"]=false,["LevelRequest"]=2325,["Quest"]={["QuestName"]="ChocQuest1",["NpcName"]="Chocolate Quest Giver 1",["QuestLevel"]=2},["MobName"]="Chocolate Bar Battler",["SpawnLocation"]={}},["1650"]={["FullName"]="Venomous Assailant",["IsBoss"]=false,["LevelRequest"]=1650,["Quest"]={["QuestName"]="VenomCrewQuest",["NpcName"]="Hydra Town Quest Giver",["QuestLevel"]=2},["MobName"]="Venomous Assailant",["SpawnLocation"]={}},["2675"]={["FullName"]="Ocean Prophet",["IsBoss"]=false,["LevelRequest"]=2675,["Quest"]={["QuestName"]="SubmergedQuest2",["NpcName"]="Submerged Quest Giver 2",["QuestLevel"]=2},["MobName"]="Ocean Prophet",["SpawnLocation"]={}},["875"]={["FullName"]="Marine Lieutenant",["IsBoss"]=false,["LevelRequest"]=875,["Quest"]={["QuestName"]="MarineQuest3",["NpcName"]="Marine Quest Giver",["QuestLevel"]=1},["MobName"]="Marine Lieutenant",["SpawnLocation"]={}},["0"]={["FullName"]="Trainee",["IsBoss"]=false,["LevelRequest"]=0,["Quest"]={["QuestName"]="MarineQuest",["NpcName"]="Marine Leader",["QuestCFrame"]=CFrame.new(-2708,24,2105,1,0,0,0,1,0,0,0,1),["QuestLevel"]=1},["MobName"]="Trainee",["SpawnLocation"]={[1]=CFrame.new(-2788.2509765625,24.287002563476562,2281.48095703125,0.9743663668632507,-0,-0.22496700286865234,0,1,-0,0.22496700286865234,0,0.9743663668632507),[2]=CFrame.new(-2726.2509765625,24.287002563476562,2238.48095703125,0.6819736957550049,0,0.7313766479492188,0,1,0,-0.7313766479492188,0,0.6819736957550049),[3]=CFrame.new(-2966.090087890625,39.337005615234375,2319.31103515625,0.22495973110198975,0,0.9743680953979492,0,1,0,-0.9743680953979492,0,0.22495973110198975),[4]=CFrame.new(-2857.823974609375,41.86199951171875,2122.800048828125,0.22495973110198975,0,0.9743680953979492,0,1,0,-0.9743680953979492,0,0.22495973110198975),[5]=CFrame.new(-2965.823974609375,41.86199951171875,2170.800048828125,0.7313846349716187,-0,-0.681965172290802,0,1,-0,0.681965172290802,0,0.7313846349716187),[6]=CFrame.new(-2820.2509765625,24.287002563476562,2172.48095703125,-0.2249598503112793,0,-0.9743680953979492,0,1,0,0.9743680953979492,0,-0.2249598503112793),[7]=CFrame.new(-2888.823974609375,41.86199951171875,2226.800048828125,0.8480604290962219,0,0.529899537563324,0,1,0,-0.529899537563324,0,0.8480604290962219)}},["2600"]={["FullName"]="Reef Bandit",["IsBoss"]=false,["LevelRequest"]=2600,["Quest"]={["QuestName"]="SubmergedQuest1",["NpcName"]="Submerged Quest Giver 1",["QuestLevel"]=1},["MobName"]="Reef Bandit",["SpawnLocation"]={}},["775"]={["FullName"]="Swan Pirate",["IsBoss"]=false,["LevelRequest"]=775,["Quest"]={["QuestName"]="Area2Quest",["NpcName"]="Area 2 Quest Giver",["QuestLevel"]=1},["MobName"]="Swan Pirate",["SpawnLocation"]={}},["450"]={["FullName"]="God's Guard",["IsBoss"]=false,["LevelRequest"]=450,["Quest"]={["QuestName"]="SkyExp1Quest",["NpcName"]="Mole",["QuestCFrame"]=CFrame.new(-4721.88916015625,843.875,-1949.9659423828125,0.9961918592453003,-0,-0.08718843013048172,0,1,-0,0.08718843013048172,0,0.9961918592453003),["QuestLevel"]=1},["MobName"]="God's Guard",["SpawnLocation"]={[1]=CFrame.new(-4583.8720703125,843.1959838867188,-1938.4339599609375,0.9925507307052612,0,0.12183182686567307,0,1,0,-0.12183182686567307,0,0.9925507307052612),[2]=CFrame.new(-4820.56689453125,844.135009765625,-2049.014892578125,-0.39071834087371826,0,-0.9205106496810913,0,1,0,0.9205106496810913,0,-0.39071834087371826)}},["550"]={["FullName"]="Royal Soldier",["IsBoss"]=false,["LevelRequest"]=550,["Quest"]={["QuestName"]="SkyExp2Quest",["NpcName"]="Sky Quest Giver 2",["QuestCFrame"]=CFrame.new(-7904.68505859375,5634.6611328125,-1409.967041015625,0,0,-1,0,1,0,1,0,0),["QuestLevel"]=2},["MobName"]="Royal Soldier",["SpawnLocation"]={[1]=CFrame.new(-7759.458984375,5606.93701171875,-1862.7030029296875,-0.8660074472427368,0,-0.5000314116477966,0,1,0,0.5000314116477966,0,-0.8660074472427368),[2]=CFrame.new(-7762.33984375,5606.93701171875,-1721.012939453125,-0.8660074472427368,0,-0.5000314116477966,0,1,0,0.5000314116477966,0,-0.8660074472427368),[3]=CFrame.new(-7916.9501953125,5606.93701171875,-1721.012939453125,-0.17362427711486816,0,-0.9848119020462036,0,1,0,0.9848119020462036,0,-0.17362427711486816),[4]=CFrame.new(-7936.9501953125,5606.93701171875,-1625.012939453125,0.3420426845550537,-0,-0.9396843910217285,0,1,-0,0.9396843910217285,0,0.3420426845550537),[5]=CFrame.new(-7946.9501953125,5606.93701171875,-1824.012939453125,-0.17362427711486816,0,-0.9848119020462036,0,1,0,0.9848119020462036,0,-0.17362427711486816)}},["250"]={["FullName"]="Toga Warrior",["IsBoss"]=false,["LevelRequest"]=250,["Quest"]={["QuestName"]="ColosseumQuest",["NpcName"]="Colosseum Quest Giver",["QuestCFrame"]=CFrame.new(-1580.0469970703125,6.350006103515625,-2986.47509765625,-0.5150372982025146,0,-0.8571677207946777,0,1,0,0.8571677207946777,0,-0.5150372982025146),["QuestLevel"]=1},["MobName"]="Toga Warrior",["SpawnLocation"]={[1]=CFrame.new(-2128.410888671875,7.878997802734375,-2853.248046875,-0.5877487659454346,0,-0.8090435266494751,0,1,0,0.8090435266494751,0,-0.5877487659454346),[2]=CFrame.new(-2056.18701171875,7.878997802734375,-2713.575927734375,0.37460410594940186,-0,-0.9271848797798157,0,1,-0,0.9271848797798157,0,0.37460410594940186),[3]=CFrame.new(-1672.97900390625,7.878997802734375,-2683.60498046875,0.9612739682197571,-0,-0.2755945920944214,0,1,-0,0.2755945920944214,0,0.9612739682197571),[4]=CFrame.new(-1838.77197265625,7.878997802734375,-2669.1689453125,0.9612739682197571,-0,-0.2755945920944214,0,1,-0,0.2755945920944214,0,0.9612739682197571),[5]=CFrame.new(-1799.862060546875,7.878997802734375,-2852.52490234375,-0.8290365934371948,0,-0.5591946244239807,0,1,0,0.5591946244239807,0,-0.8290365934371948)}},["350"]={["FullName"]="Magma Admiral",["IsBoss"]=true,["LevelRequest"]=350,["Quest"]={["QuestName"]="MagmaQuest",["NpcName"]="The Mayor",["QuestCFrame"]=CFrame.new(-5313.3701171875,10.949996948242188,8515.2939453125,-0.49995946884155273,0,0.8660488128662109,0,1,0,-0.8660488128662109,0,-0.49995946884155273),["QuestLevel"]=3},["MobName"]="Magma Admiral",["SpawnLocation"]={[1]=CFrame.new(-5521.60205078125,19.800003051757812,8753.4697265625,0.03484940528869629,0,0.999392569065094,0,1,0,-0.999392569065094,0,0.03484940528869629)}},["1200"]={["FullName"]="Lava Pirate",["IsBoss"]=false,["LevelRequest"]=1200,["Quest"]={["QuestName"]="FireSideQuest",["NpcName"]="Fire Quest Giver",["QuestLevel"]=2},["MobName"]="Lava Pirate",["SpawnLocation"]={}},["175"]={["FullName"]="Dark Master",["IsBoss"]=false,["LevelRequest"]=175,["Quest"]={["QuestName"]="SkyQuest",["NpcName"]="Sky Adventurer",["QuestCFrame"]=CFrame.new(-4839.52978515625,716.3690185546875,-2619.44189453125,0.8660072684288025,0,0.5000314116477966,0,1,0,-0.5000314116477966,0,0.8660072684288025),["QuestLevel"]=2},["MobName"]="Dark Master",["SpawnLocation"]={[1]=CFrame.new(-5339.18017578125,389.5,-2258.013916015625,0.6427633166313171,-0,-0.7660649418830872,0,1,-0,0.7660649418830872,0,0.6427633166313171),[2]=CFrame.new(-5234.18017578125,389.5,-2367.013916015625,-0.9945180416107178,0,-0.10456500202417374,0,1,0,0.10456500202417374,0,-0.9945180416107178),[3]=CFrame.new(-5171.18017578125,389.5,-2243.013916015625,0.35837775468826294,0,0.9335766434669495,0,1,0,-0.9335766434669495,0,0.35837775468826294),[4]=CFrame.new(-5244.18017578125,389.5,-2155.013916015625,0.981621503829956,0,0.1908382624387741,0,1,0,-0.1908382624387741,0,0.981621503829956)}},["2075"]={["FullName"]="Peanut Scout",["IsBoss"]=false,["LevelRequest"]=2075,["Quest"]={["QuestName"]="NutsIslandQuest",["NpcName"]="Peanut Quest Giver",["QuestLevel"]=1},["MobName"]="Peanut Scout",["SpawnLocation"]={}},["130"]={["FullName"]="Vice Admiral",["IsBoss"]=true,["LevelRequest"]=130,["Quest"]={["QuestName"]="MarineQuest2",["NpcName"]="Marine",["QuestCFrame"]=CFrame.new(-5039.5859375,27.350006103515625,4324.68017578125,0,0,-1,0,1,0,1,0,0),["QuestLevel"]=2},["MobName"]="Vice Admiral",["SpawnLocation"]={[1]=CFrame.new(-5142.48291015625,101.5,4447.42919921875,0.49995946884155273,-0,-0.8660488128662109,0,1,-0,0.8660488128662109,0,0.49995946884155273)}},["475"]={["FullName"]="Shanda",["IsBoss"]=false,["LevelRequest"]=475,["Quest"]={["QuestName"]="SkyExp1Quest",["NpcName"]="Mole",["QuestCFrame"]=CFrame.new(-4721.88916015625,843.875,-1949.9659423828125,0.9961918592453003,-0,-0.08718843013048172,0,1,-0,0.08718843013048172,0,0.9961918592453003),["QuestLevel"]=2},["MobName"]="Shanda",["SpawnLocation"]={[1]=CFrame.new(-7595.15380859375,5546.3408203125,-653.5570068359375,-0.9062966108322144,0,0.4226420819759369,0,1,0,-0.4226420819759369,0,-0.9062966108322144),[2]=CFrame.new(-7564.56201171875,5546.3408203125,-417.35198974609375,0.7660612463951111,0,0.642767608165741,0,1,0,-0.642767608165741,0,0.7660612463951111),[3]=CFrame.new(-7539.62109375,5546.3408203125,-515.8170166015625,0.08713138103485107,0,0.9961968660354614,0,1,0,-0.9961968660354614,0,0.08713138103485107),[4]=CFrame.new(-7710.76513671875,5546.3408203125,-336.4460144042969,1,0,0,0,1,0,0,0,1),[5]=CFrame.new(-7795.76513671875,5546.3408203125,-486.4460144042969,-0.5735992193222046,0,-0.8191365599632263,0,1,0,0.8191365599632263,0,-0.5735992193222046),[6]=CFrame.new(-7725.43017578125,5546.3408203125,-586.8939819335938,-0.5735992193222046,0,-0.8191365599632263,0,1,0,0.8191365599632263,0,-0.5735992193222046)}},["210"]={["FullName"]="Dangerous Prisoner",["IsBoss"]=false,["LevelRequest"]=210,["Quest"]={["QuestName"]="PrisonerQuest",["NpcName"]="Jail Keeper",["QuestCFrame"]=CFrame.new(5310.60498046875,0.350006103515625,474.9469909667969,0.01750171184539795,0,0.9998469352722168,0,1,0,-0.9998469352722168,0,0.01750171184539795),["QuestLevel"]=2},["MobName"]="Dangerous Prisoner",["SpawnLocation"]={[1]=CFrame.new(5442.0390625,-0.5,1078.8800048828125,0.8571517467498779,0,0.515064001083374,0,1,0,-0.515064001083374,0,0.8571517467498779),[2]=CFrame.new(5561.3662109375,-0.5,964.7429809570312,0.29242151975631714,0,0.956289529800415,0,1,0,-0.956289529800415,0,0.29242151975631714),[3]=CFrame.new(5645.55712890625,-0.5,764.614013671875,0.29242151975631714,0,0.956289529800415,0,1,0,-0.956289529800415,0,0.29242151975631714),[4]=CFrame.new(4955.9150390625,-0.5,925.530029296875,0.43834662437438965,-0,-0.8988060355186462,0,1,-0,0.8988060355186462,0,0.43834662437438965),[5]=CFrame.new(5099.6572265625,-0.5,1055.7530517578125,0.8987903594970703,-0,-0.4383787512779236,0,1,-0,0.4383787512779236,0,0.8987903594970703),[6]=CFrame.new(5554.5029296875,-0.5,584.7230224609375,0.5446654558181763,-0,-0.8386534452438354,0,1,-0,0.8386534452438354,0,0.5446654558181763),[7]=CFrame.new(5485.283203125,-0.5,468.0660095214844,0.35837775468826294,0,0.9335766434669495,0,1,0,-0.9335766434669495,0,0.35837775468826294)}},["275"]={["FullName"]="Gladiator",["IsBoss"]=false,["LevelRequest"]=275,["Quest"]={["QuestName"]="ColosseumQuest",["NpcName"]="Colosseum Quest Giver",["QuestCFrame"]=CFrame.new(-1580.0469970703125,6.350006103515625,-2986.47509765625,-0.5150372982025146,0,-0.8571677207946777,0,1,0,0.8571677207946777,0,-0.5150372982025146),["QuestLevel"]=2},["MobName"]="Gladiator",["SpawnLocation"]={[1]=CFrame.new(-1125.071044921875,7.9459991455078125,-3270.25,-0.9659297466278076,0,0.2588047981262207,0,1,0,-0.2588047981262207,0,-0.9659297466278076),[2]=CFrame.new(-1483.7039794921875,7.9459991455078125,-3195.2119140625,-0.9205106496810913,0,-0.3907175064086914,0,1,0,0.3907175064086914,0,-0.9205106496810913),[3]=CFrame.new(-1370.3580322265625,7.9459991455078125,-3377.35888671875,-0.9205106496810913,0,-0.3907175064086914,0,1,0,0.3907175064086914,0,-0.9205106496810913),[4]=CFrame.new(-1356.958984375,7.9459991455078125,-3590.60595703125,-0.5877487659454346,0,-0.8090435266494751,0,1,0,0.8090435266494751,0,-0.5877487659454346),[5]=CFrame.new(-1228.0870361328125,7.9459991455078125,-3051.791015625,-0.808997631072998,0,0.5878121852874756,0,1,0,-0.5878121852874756,0,-0.808997631072998)}},["375"]={["FullName"]="Fishman Warrior",["IsBoss"]=false,["LevelRequest"]=375,["Quest"]={["QuestName"]="FishmanQuest",["NpcName"]="King Neptune",["QuestCFrame"]=CFrame.new(61121.109375,17.9530029296875,1564.5260009765625,-0.913477897644043,0,-0.40688830614089966,0,1,0,0.40688830614089966,0,-0.913477897644043),["QuestLevel"]=1},["MobName"]="Fishman Warrior",["SpawnLocation"]={[1]=CFrame.new(60943.90234375,17.949005126953125,1744.1109619140625,0.8267066478729248,-0,-0.562633216381073,0,1,-0,0.562633216381073,0,0.8267066478729248),[2]=CFrame.new(60841.90234375,17.949005126953125,1651.1109619140625,-0.4105645418167114,0,-0.9118314981460571,0,1,0,0.9118314981460571,0,-0.4105645418167114),[3]=CFrame.new(60788.90234375,17.949005126953125,1526.1109619140625,-0.4105645418167114,0,-0.9118314981460571,0,1,0,0.9118314981460571,0,-0.4105645418167114),[4]=CFrame.new(60906.90234375,17.949005126953125,1469.1109619140625,-0.7574213743209839,0,-0.6529263854026794,0,1,0,0.6529263854026794,0,-0.7574213743209839),[5]=CFrame.new(60840.90234375,17.949005126953125,1301.1109619140625,-0.8593120574951172,0,-0.5114516019821167,0,1,0,0.5114516019821167,0,-0.8593120574951172),[6]=CFrame.new(60927.90234375,17.949005126953125,1179.1109619140625,-0.9949520826339722,0,-0.10035193711519241,0,1,0,0.10035193711519241,0,-0.9949520826339722),[7]=CFrame.new(60948.90234375,17.949005126953125,1377.1109619140625,-0.8593120574951172,0,-0.5114516019821167,0,1,0,0.5114516019821167,0,-0.8593120574951172)}},["60"]={["FullName"]="Desert Bandit",["IsBoss"]=false,["LevelRequest"]=60,["Quest"]={["QuestName"]="DesertQuest",["NpcName"]="Desert Adventurer",["QuestCFrame"]=CFrame.new(894.489013671875,5.1399993896484375,4392.43408203125,0.8191556930541992,-0,-0.5735712647438049,0,1,-0,0.5735712647438049,0,0.8191556930541992),["QuestLevel"]=1},["MobName"]="Desert Bandit",["SpawnLocation"]={[1]=CFrame.new(1001.0549926757812,7.56500244140625,4488.61083984375,0.5735987424850464,0,0.8191365599632263,0,1,0,-0.8191365599632263,0,0.5735987424850464),[2]=CFrame.new(859.8150024414062,7.56500244140625,4488.06005859375,0.6427633166313171,-0,-0.7660649418830872,0,1,-0,0.7660649418830872,0,0.6427633166313171),[3]=CFrame.new(931.7050170898438,7.56500244140625,4534.033203125,1,0,0,0,1,0,0,0,1),[4]=CFrame.new(937.0349731445312,7.56500244140625,4428.8291015625,0.5735987424850464,0,0.8191365599632263,0,1,0,-0.8191365599632263,0,0.5735987424850464)}},["2525"]={["FullName"]="Isle Champion",["IsBoss"]=false,["LevelRequest"]=2525,["Quest"]={["QuestName"]="TikiQuest2",["NpcName"]="Tiki Quest Giver 2",["QuestLevel"]=2},["MobName"]="Isle Champion",["SpawnLocation"]={}},["40"]={["FullName"]="Brute",["IsBoss"]=false,["LevelRequest"]=40,["Quest"]={["QuestName"]="BuggyQuest1",["NpcName"]="Pirate Adventurer",["QuestCFrame"]=CFrame.new(-1141.074951171875,4.100006103515625,3831.550048828125,0.9659296274185181,-0,-0.2588047981262207,0,1,-0,0.2588047981262207,0,0.9659296274185181),["QuestLevel"]=2},["MobName"]="Brute",["SpawnLocation"]={[1]=CFrame.new(-862.8900146484375,15.600006103515625,4281.9560546875,0.37460410594940186,0,0.9271848797798157,0,1,0,-0.9271848797798157,0,0.37460410594940186),[2]=CFrame.new(-979.7150268554688,15.600006103515625,4234.755859375,0.6946498155593872,0,0.7193480730056763,0,1,0,-0.7193480730056763,0,0.6946498155593872),[3]=CFrame.new(-1048.6429443359375,15.600006103515625,4405.35888671875,0.9993919134140015,-0,-0.03486879914999008,0,1,-0,0.03486879914999008,0,0.9993919134140015),[4]=CFrame.new(-1230.3709716796875,15.600006103515625,4331.93701171875,0.8909948468208313,-0,-0.4540134370326996,0,1,-0,0.4540134370326996,0,0.8909948468208313),[5]=CFrame.new(-1191.4119873046875,15.600006103515625,4235.5087890625,0.6292860507965088,-0,-0.7771737575531006,0,1,-0,0.7771737575531006,0,0.6292860507965088),[6]=CFrame.new(-1397.7340087890625,15.600006103515625,4185.5849609375,0.5592103004455566,-0,-0.8290258049964905,0,1,-0,0.8290258049964905,0,0.5592103004455566)}},["1925"]={["FullName"]="Musketeer Pirate",["IsBoss"]=false,["LevelRequest"]=1925,["Quest"]={["QuestName"]="DeepForestIsland2",["NpcName"]="Deep Forest Area 2 Quest Giver",["QuestLevel"]=2},["MobName"]="Musketeer Pirate",["SpawnLocation"]={}},["55"]={["FullName"]="Chef",["IsBoss"]=true,["LevelRequest"]=55,["Quest"]={["QuestName"]="BuggyQuest1",["NpcName"]="Pirate Adventurer",["QuestCFrame"]=CFrame.new(-1141.074951171875,4.100006103515625,3831.550048828125,0.9659296274185181,-0,-0.2588047981262207,0,1,-0,0.2588047981262207,0,0.9659296