{
    ["MONSTER_INDEX_TABLE_With_Level"] = {
        ["1825"] = {
            ["FullName"] = "Forest Pirate",
            ["IsBoss"] = false,
            ["LevelRequest"] = 1825,
            ["Quest"] = {
                ["QuestName"] = "DeepForestIsland",
                ["NpcName"] = "Deep Forest Quest Giver",
                ["QuestLevel"] = 1,
            },
            ["MobName"] = "Forest Pirate",
            ["SpawnLocation"] = {},
        },
        ["900"] = {
            ["FullName"] = "Marine Captain",
            ["IsBoss"] = false,
            ["LevelRequest"] = 900,
            ["Quest"] = {
                ["QuestName"] = "MarineQuest3",
                ["NpcName"] = "Marine Quest Giver",
                ["QuestCFrame"] = CFrame.new(-2440.7958984375, 71.71400451660156, -3216.068115234375, 0.8660072684288025, 0, 0.5000314116477966, 0, 1, 0, -0.5000314116477966, 0, 0.8660072684288025),
                ["QuestLevel"] = 2,
            },
            ["MobName"] = "Marine Captain",
            ["SpawnLocation"] = {
                [1] = CFrame.new(-1805.364013671875, 73.01400756835938, -3313.324951171875, -0.8829522132873535, 0, 0.4694635570049286, 0, 1, 0, -0.4694635570049286, 0, -0.8829522132873535),
                [2] = CFrame.new(-2103.93408203125, 73.01400756835938, -3259.302978515625, 0.9975615739822388, -0, -0.06979193538427353, 0, 1, -0, 0.06979193538427353, 0, 0.9975615739822388),
                [3] = CFrame.new(-1928.3890380859375, 73.01400756835938, -3119.580078125, 0.5592103004455566, -0, -0.8290258049964905, 0, 1, -0, 0.8290258049964905, 0, 0.5592103004455566),
                [4] = CFrame.new(-1601.3170166015625, 73.01400756835938, -3315.324951171875, -0.42259299755096436, 0, -0.9063196182250977, 0, 1, 0, 0.9063196182250977, 0, -0.42259299755096436),
                [5] = CFrame.new(-2030.248046875, 73.01400756835938, -3477.635009765625, -0.6292861700057983, 0, -0.7771737575531006, 0, 1, 0, 0.7771737575531006, 0, -0.6292861700057983),
            },
        },
        ["800"] = {
            ["FullName"] = "Factory Staff",
            ["IsBoss"] = false,
            ["LevelRequest"] = 800,
            ["Quest"] = {
                ["QuestName"] = "Area2Quest",
                ["NpcName"] = "Area 2 Quest Giver",
                ["QuestCFrame"] = CFrame.new(638.4450073242188, 71.77000427246094, 918.2360229492188, 0.13920390605926514, 0, 0.9902637600898743, 0, 1, 0, -0.9902637600898743, 0, 0.13920390605926514),
                ["QuestLevel"] = 2,
            },
            ["MobName"] = "Factory Staff",
            ["SpawnLocation"] = {
                [1] = CFrame.new(-105.88999938964844, 72.80799865722656, -670.2479858398438, -0.9659297466278076, 0, -0.2588047981262207, 0, 1, 0, 0.2588047981262207, 0, -0.9659297466278076),
                [2] = CFrame.new(-93.88999938964844, 72.80799865722656, -34.227996826171875, -0.9062966108322144, 0, 0.4226420819759369, 0, 1, 0, -0.4226420819759369, 0, -0.9062966108322144),
                [3] = CFrame.new(-426.8900146484375, 72.80799865722656, -367.24798583984375, -0.9659297466278076, 0, 0.2588047981262207, 0, 1, 0, -0.2588047981262207, 0, -0.9659297466278076),
                [4] = CFrame.new(386.1099853515625, 72.80799865722656, 91.75199890136719, -0.9848126173019409, 0, 0.17362114787101746, 0, 1, 0, -0.17362114787101746, 0, -0.9848126173019409),
                [5] = CFrame.new(936.1099853515625, 72.80799865722656, -71.24800109863281, -0.6427637338638306, 0, 0.7660649418830872, 0, 1, 0, -0.7660649418830872, 0, -0.6427637338638306),
                [6] = CFrame.new(692.1099853515625, 72.80799865722656, 227.7519989013672, -1, 0, 0, 0, 1, 0, 0, 0, -1),
            },
        },
        ["2225"] = {
            ["FullName"] = "Cake Guard",
            ["IsBoss"] = false,
            ["LevelRequest"] = 2225,
            ["Quest"] = {
                ["QuestName"] = "CakeQuest1",
                ["NpcName"] = "Cake Quest Giver 1",
                ["QuestLevel"] = 2,
            },
            ["MobName"] = "Cake Guard",
            ["SpawnLocation"] = {},
        },
        ["2350"] = {
            ["FullName"] = "Sweet Thief",
            ["IsBoss"] = false,
            ["LevelRequest"] = 2350,
            ["Quest"] = {
                ["QuestName"] = "ChocQuest2",
                ["NpcName"] = "Chocolate Quest Giver 2",
                ["QuestLevel"] = 1,
            },
            ["MobName"] = "Sweet Thief",
            ["SpawnLocation"] = {},
        },
        ["1050"] = {
            ["FullName"] = "Winter Warrior",
            ["IsBoss"] = false,
            ["LevelRequest"] = 1050,
            ["Quest"] = {
                ["QuestName"] = "SnowMountainQuest",
                ["NpcName"] = "Snow Quest Giver",
                ["QuestCFrame"] = CFrame.new(609.8590087890625, 400.1199951171875, -5372.2587890625, -0.37460410594940186, 0, 0.9271848797798157, 0, 1, 0, -0.9271848797798157, 0, -0.37460410594940186),
                ["QuestLevel"] = 2,
            },
            ["MobName"] = "Winter Warrior",
            ["SpawnLocation"] = {
                [1] = CFrame.new(1043.3050537109375, 428.8080139160156, -5049.7861328125, 0.8660072684288025, -0, -0.5000314116477966, 0, 1, -0, 0.5000314116477966, 0, 0.8660072684288025),
                [2] = CFrame.new(1446.27001953125, 428.8080139160156, -5369.21484375, -0.6427637338638306, 0, 0.7660649418830872, 0, 1, 0, -0.7660649418830872, 0, -0.6427637338638306),
                [3] = CFrame.new(1371.8709716796875, 428.8080139160156, -5194.703125, 0.5735987424850464, 0, 0.8191365599632263, 0, 1, 0, -0.8191365599632263, 0, 0.5735987424850464),
                [4] = CFrame.new(1142.43798828125, 428.8080139160156, -5043.05322265625, 0.9062966704368591, 0, 0.4226420819759369, 0, 1, 0, -0.4226420819759369, 0, 0.9062966704368591),
                [5] = CFrame.new(1226.3089599609375, 428.8080139160156, -5215.97607421875, 0.49995946884155273, -0, -0.8660488128662109, 0, 1, -0, 0.8660488128662109, 0, 0.49995946884155273),
                [6] = CFrame.new(1205.458984375, 428.8080139160156, -5397.35888671875, -0.8191560506820679, 0, -0.5735712647438049, 0, 1, 0, 0.5735712647438049, 0, -0.8191560506820679),
            },
        },
        ["1475"] = {
            ["FullName"] = "Tide Keeper",
            ["IsBoss"] = true,
            ["LevelRequest"] = 1475,
            ["Quest"] = {
                ["QuestName"] = "ForgottenQuest",
                ["NpcName"] = "Forgotten Quest Giver",
                ["QuestCFrame"] = CFrame.new(-3054.445068359375, 238.343994140625, -10142.8193359375, 0.9902703762054443, -0, -0.13915663957595825, 0, 1, -0, 0.13915663957595825, 0, 0.9902703762054443),
                ["QuestLevel"] = 3,
            },
            ["MobName"] = "Tide Keeper",
            ["SpawnLocation"] = {
                [1] = CFrame.new(-3760.416015625, 78.33799743652344, -11585.7041015625, -0.9925510883331299, 0, -0.12183182686567307, 0, 1, 0, 0.12183182686567307, 0, -0.9925510883331299),
            },
        },
        ["2475"] = {
            ["FullName"] = "Island Boy",
            ["IsBoss"] = false,
            ["LevelRequest"] = 2475,
            ["Quest"] = {
                ["QuestName"] = "TikiQuest1",
                ["NpcName"] = "Tiki Quest Giver 1",
                ["QuestLevel"] = 2,
            },
            ["MobName"] = "Island Boy",
            ["SpawnLocation"] = {},
        },
        ["1750"] = {
            ["FullName"] = "Kilo Admiral",
            ["IsBoss"] = true,
            ["LevelRequest"] = 1750,
            ["Quest"] = {
                ["QuestName"] = "MarineTreeIsland",
                ["NpcName"] = "Marine Tree Quest Giver",
                ["QuestLevel"] = 3,
            },
            ["MobName"] = "Kilo Admiral",
            ["SpawnLocation"] = {},
        },
        ["1800"] = {
            ["FullName"] = "Fishman Captain",
            ["IsBoss"] = false,
            ["LevelRequest"] = 1800,
            ["Quest"] = {
                ["QuestName"] = "DeepForestIsland3",
                ["NpcName"] = "Turtle Adventure Quest Giver",
                ["QuestLevel"] = 2,
            },
            ["MobName"] = "Fishman Captain",
            ["SpawnLocation"] = {},
        },
        ["675"] = {
            ["FullName"] = "Cyborg",
            ["IsBoss"] = true,
            ["LevelRequest"] = 675,
            ["Quest"] = {
                ["QuestName"] = "FountainQuest",
                ["NpcName"] = "Freezeburg Quest Giver",
                ["QuestLevel"] = 3,
            },
            ["MobName"] = "Cyborg",
            ["SpawnLocation"] = {},
        },
        ["1000"] = {
            ["FullName"] = "Snow Trooper",
            ["IsBoss"] = false,
            ["LevelRequest"] = 1000,
            ["Quest"] = {
                ["QuestName"] = "SnowMountainQuest",
                ["NpcName"] = "Snow Quest Giver",
                ["QuestCFrame"] = CFrame.new(609.8590087890625, 400.1199951171875, -5372.2587890625, -0.37460410594940186, 0, 0.9271848797798157, 0, 1, 0, -0.9271848797798157, 0, -0.37460410594940186),
                ["QuestLevel"] = 1,
            },
            ["MobName"] = "Snow Trooper",
            ["SpawnLocation"] = {
                [1] = CFrame.new(572.6929931640625, 400.8080139160156, -5605.20703125, -0.8660074472427368, 0, -0.5000314116477966, 0, 1, 0, 0.5000314116477966, 0, -0.8660074472427368),
                [2] = CFrame.new(716.6270141601562, 400.8080139160156, -5706.44091796875, -0.9848126173019409, 0, 0.17362114787101746, 0, 1, 0, -0.17362114787101746, 0, -0.9848126173019409),
                [3] = CFrame.new(642.666015625, 400.8080139160156, -5454.48876953125, 0.7071342468261719, 0, 0.707079291343689, 0, 1, 0, -0.707079291343689, 0, 0.7071342468261719),
                [4] = CFrame.new(484.3450012207031, 400.8080139160156, -5472.416015625, -0.49995946884155273, 0, -0.8660488128662109, 0, 1, 0, 0.8660488128662109, 0, -0.49995946884155273),
                [5] = CFrame.new(445.9440002441406, 442.8080139160156, -5553.90576171875, -0.49995946884155273, 0, -0.8660488128662109, 0, 1, 0, 0.8660488128662109, 0, -0.49995946884155273),
                [6] = CFrame.new(430.4020080566406, 400.8080139160156, -5069.09521484375, 0.9961918592453003, -0, -0.08718843013048172, 0, 1, -0, 0.08718843013048172, 0, 0.9961918592453003),
                [7] = CFrame.new(392.218994140625, 400.8080139160156, -5207.68505859375, 0.7071342468261719, -0, -0.707079291343689, 0, 1, -0, 0.707079291343689, 0, 0.7071342468261719),
            },
        },
        ["1400"] = {
            ["FullName"] = "Awakened Ice Admiral",
            ["IsBoss"] = true,
            ["LevelRequest"] = 1400,
            ["Quest"] = {
                ["QuestName"] = "FrostQuest",
                ["NpcName"] = "Frost Quest Giver",
                ["QuestCFrame"] = CFrame.new(5667.658203125, 26.800003051757812, -6486.08984375, -0.933587908744812, 0, -0.3583495020866394, 0, 1, 0, 0.3583495020866394, 0, -0.933587908744812),
                ["QuestLevel"] = 3,
            },
            ["MobName"] = "Awakened Ice Admiral",
            ["SpawnLocation"] = {
                [1] = CFrame.new(6551.7939453125, 325.2950134277344, -6989.89892578125, -0.5448304414749146, -0.00007586596620967612, 0.838546633720398, -0.00007586596620967612, 1, 0.00004118066863156855, -0.838546633720398, -0.00004118066863156855, -0.5448304414749146),
            },
        },
        ["2400"] = {
            ["FullName"] = "Candy Pirate",
            ["IsBoss"] = false,
            ["LevelRequest"] = 2400,
            ["Quest"] = {
                ["QuestName"] = "CandyQuest1",
                ["NpcName"] = "Candy Cane Quest Giver",
                ["QuestLevel"] = 1,
            },
            ["MobName"] = "Candy Pirate",
            ["SpawnLocation"] = {},
        },
        ["240"] = {
            ["FullName"] = "Swan",
            ["IsBoss"] = true,
            ["LevelRequest"] = 240,
            ["Quest"] = {
                ["QuestName"] = "ImpelQuest",
                ["NpcName"] = "Head Jailer",
                ["QuestLevel"] = 3,
            },
            ["MobName"] = "Swan",
            ["SpawnLocation"] = {
                [1] = CFrame.new(2289.929931640625, 17.541000366210938, 662.6209716796875, -0.9993922710418701, 0, -0.03486879914999008, 0, 1, 0, 0.03486879914999008, 0, -0.9993922710418701),
            },
        },
        ["2500"] = {
            ["FullName"] = "Sun-kissed Warrior",
            ["IsBoss"] = false,
            ["LevelRequest"] = 2500,
            ["Quest"] = {
                ["QuestName"] = "TikiQuest2",
                ["NpcName"] = "Tiki Quest Giver 2",
                ["QuestLevel"] = 1,
            },
            ["MobName"] = "Sun-kissed Warrior",
            ["SpawnLocation"] = {},
        },
        ["2000"] = {
            ["FullName"] = "Living Zombie",
            ["IsBoss"] = false,
            ["LevelRequest"] = 2000,
            ["Quest"] = {
                ["QuestName"] = "HauntedQuest1",
                ["NpcName"] = "Haunted Castle Quest Giver 1",
                ["QuestLevel"] = 2,
            },
            ["MobName"] = "Living Zombie",
            ["SpawnLocation"] = {},
        },
        ["230"] = {
            ["FullName"] = "Chief Warden",
            ["IsBoss"] = true,
            ["LevelRequest"] = 230,
            ["Quest"] = {
                ["QuestName"] = "ImpelQuest",
                ["NpcName"] = "Head Jailer",
                ["QuestLevel"] = 2,
            },
            ["MobName"] = "Chief Warden",
            ["SpawnLocation"] = {},
        },
        ["1950"] = {
            ["FullName"] = "Beautiful Pirate",
            ["IsBoss"] = true,
            ["LevelRequest"] = 1950,
            ["Quest"] = {
                ["QuestName"] = "DeepForestIsland2",
                ["NpcName"] = "Deep Forest Area 2 Quest Giver",
                ["QuestLevel"] = 3,
            },
            ["MobName"] = "Beautiful Pirate",
            ["SpawnLocation"] = {},
        },
        ["850"] = {
            ["FullName"] = "Jeremy",
            ["IsBoss"] = true,
            ["LevelRequest"] = 850,
            ["Quest"] = {
                ["QuestName"] = "Area2Quest",
                ["NpcName"] = "Area 2 Quest Giver",
                ["QuestCFrame"] = CFrame.new(638.4450073242188, 71.77000427246094, 918.2360229492188, 0.13920390605926514, 0, 0.9902637600898743, 0, 1, 0, -0.9902637600898743, 0, 0.13920390605926514),
                ["QuestLevel"] = 3,
            },
            ["MobName"] = "Jeremy",
            ["SpawnLocation"] = {
                [1] = CFrame.new(2338.001953125, 451.4259948730469, 700.1069946289062, -0.19084572792053223, 0, 0.9816200137138367, 0, 1, 0, -0.9816200137138367, 0, -0.19084572792053223),
            },
        },
        ["1725"] = {
            ["FullName"] = "Marine Rear Admiral",
            ["IsBoss"] = false,
            ["LevelRequest"] = 1725,
            ["Quest"] = {
                ["QuestName"] = "MarineTreeIsland",
                ["NpcName"] = "Marine Tree Quest Giver",
                ["QuestLevel"] = 2,
            },
            ["MobName"] = "Marine Rear Admiral",
            ["SpawnLocation"] = {},
        },
        ["700"] = {
            ["FullName"] = "Raider",
            ["IsBoss"] = false,
            ["LevelRequest"] = 700,
            ["Quest"] = {
                ["QuestName"] = "Area1Quest",
                ["NpcName"] = "Area 1 Quest Giver",
                ["QuestCFrame"] = CFrame.new(-429.54400634765625, 71.77000427246094, 1836.1820068359375, -0.2249598503112793, 0, -0.9743680953979492, 0, 1, 0, 0.9743680953979492, 0, -0.2249598503112793),
                ["QuestLevel"] = 1,
            },
            ["MobName"] = "Raider",
            ["SpawnLocation"] = {
                [1] = CFrame.new(-917.43701171875, 40.00799560546875, 2250.43505859375, -0.49995946884155273, 0, -0.8660488128662109, 0, 1, 0, 0.8660488128662109, 0, -0.49995946884155273),
                [2] = CFrame.new(-612.43701171875, 40.00799560546875, 2557.43505859375, 0.9659296274185181, -0, -0.2588047981262207, 0, 1, -0, 0.2588047981262207, 0, 0.9659296274185181),
                [3] = CFrame.new(-904.3369750976562, 40.00799560546875, 2501.43505859375, 0.49995946884155273, -0, -0.8660488128662109, 0, 1, -0, 0.8660488128662109, 0, 0.49995946884155273),
                [4] = CFrame.new(-607.43701171875, 40.00799560546875, 2202.43505859375, -0.5735992193222046, 0, -0.8191365599632263, 0, 1, 0, 0.8191365599632263, 0, -0.5735992193222046),
                [5] = CFrame.new(241.56300354003906, 40.00799560546875, 2195.43505859375, -1, 0, 0, 0, 1, 0, 0, 0, -1),
                [6] = CFrame.new(265.56298828125, 40.00799560546875, 2497.43505859375, 0.9659296274185181, 0, 0.2588047981262207, 0, 1, 0, -0.2588047981262207, 0, 0.9659296274185181),
                [7] = CFrame.new(475.56298828125, 40.00799560546875, 2433.43505859375, 0.6427633166313171, 0, 0.7660649418830872, 0, 1, 0, -0.7660649418830872, 0, 0.6427633166313171),
                [8] = CFrame.new(549.56298828125, 40.00799560546875, 2190.43505859375, -0.7660616636276245, 0, 0.642767608165741, 0, 1, 0, -0.642767608165741, 0, -0.7660616636276245),
            },
        },
        ["1375"] = {
            ["FullName"] = "Snow Lurker",
            ["IsBoss"] = false,
            ["LevelRequest"] = 1375,
            ["Quest"] = {
                ["QuestName"] = "FrostQuest",
                ["NpcName"] = "Frost Quest Giver",
                ["QuestCFrame"] = CFrame.new(5667.658203125, 26.800003051757812, -6486.08984375, -0.933587908744812, 0, -0.3583495020866394, 0, 1, 0, 0.3583495020866394, 0, -0.933587908744812),
                ["QuestLevel"] = 2,
            },
            ["MobName"] = "Snow Lurker",
            ["SpawnLocation"] = {
                [1] = CFrame.new(5524.1572265625, 27.55999755859375, -6583.82080078125, 0.7880168557167053, -0, -0.6156536936759949, 0, 1, -0, 0.6156536936759949, 0, 0.7880168557167053),
                [2] = CFrame.new(5484.41796875, 27.55999755859375, -6733.75, 0.7880168557167053, -0, -0.6156536936759949, 0, 1, -0, 0.6156536936759949, 0, 0.7880168557167053),
                [3] = CFrame.new(5763.84619140625, 27.55999755859375, -6671.0458984375, -0.3420426845550537, 0, 0.9396843910217285, 0, 1, 0, -0.9396843910217285, 0, -0.3420426845550537),
                [4] = CFrame.new(5443.421875, 27.55999755859375, -7031.28515625, -0.9062966108322144, 0, -0.4226420819759369, 0, 1, 0, 0.4226420819759369, 0, -0.9062966108322144),
                [5] = CFrame.new(5567.85693359375, 27.55999755859375, -6900.46484375, -0.49995946884155273, 0, 0.8660488128662109, 0, 1, 0, -0.8660488128662109, 0, -0.49995946884155273),
            },
        },
        ["2375"] = {
            ["FullName"] = "Candy Rebel",
            ["IsBoss"] = false,
            ["LevelRequest"] = 2375,
            ["Quest"] = {
                ["QuestName"] = "ChocQuest2",
                ["NpcName"] = "Chocolate Quest Giver 2",
                ["QuestLevel"] = 2,
            },
            ["MobName"] = "Candy Rebel",
            ["SpawnLocation"] = {},
        },
        ["300"] = {
            ["FullName"] = "Military Soldier",
            ["IsBoss"] = false,
            ["LevelRequest"] = 300,
            ["Quest"] = {
                ["QuestName"] = "MagmaQuest",
                ["NpcName"] = "The Mayor",
                ["QuestLevel"] = 1,
            },
            ["MobName"] = "Military Soldier",
            ["SpawnLocation"] = {},
        },
        ["1325"] = {
            ["FullName"] = "Ship Officer",
            ["IsBoss"] = false,
            ["LevelRequest"] = 1325,
            ["Quest"] = {
                ["QuestName"] = "ShipQuest2",
                ["NpcName"] = "Front Crew Quest Giver",
                ["QuestCFrame"] = CFrame.new(974.075927734375, 124.93866729736328, 33253.62109375, 0.7660612463951111, 0, 0.642767608165741, 0, 1, 0, -0.642767608165741, 0, 0.7660612463951111),
                ["QuestLevel"] = 2,
            },
            ["MobName"] = "Ship Officer",
            ["SpawnLocation"] = {
                [1] = CFrame.new(694.5289916992188, 179.906005859375, 33112.6328125, -0.9659297466278076, 0, -0.2588047981262207, 0, 1, 0, 0.2588047981262207, 0, -0.9659297466278076),
                [2] = CFrame.new(657.5289916992188, 179.906005859375, 33460.6328125, 0.8660072684288025, -0, -0.5000314116477966, 0, 1, -0, 0.5000314116477966, 0, 0.8660072684288025),
                [3] = CFrame.new(505.52899169921875, 179.906005859375, 33263.6328125, -0.17362427711486816, 0, -0.9848119020462036, 0, 1, 0, 0.9848119020462036, 0, -0.17362427711486816),
                [4] = CFrame.new(1144.529052734375, 179.906005859375, 33112.6015625, -0.9848126173019409, 0, -0.17362114787101746, 0, 1, 0, 0.17362114787101746, 0, -0.9848126173019409),
                [5] = CFrame.new(1320.529052734375, 179.906005859375, 33294.6015625, 0.17362433671951294, 0, 0.9848119020462036, 0, 1, 0, -0.9848119020462036, 0, 0.17362433671951294),
                [6] = CFrame.new(1162.529052734375, 179.906005859375, 33445.6015625, 0.9659296274185181, 0, 0.2588047981262207, 0, 1, 0, -0.2588047981262207, 0, 0.9659296274185181),
            },
        },
        ["1450"] = {
            ["FullName"] = "Water Fighter",
            ["IsBoss"] = false,
            ["LevelRequest"] = 1450,
            ["Quest"] = {
                ["QuestName"] = "ForgottenQuest",
                ["NpcName"] = "Forgotten Quest Giver",
                ["QuestCFrame"] = CFrame.new(-3054.445068359375, 238.343994140625, -10142.8193359375, 0.9902703762054443, -0, -0.13915663957595825, 0, 1, -0, 0.13915663957595825, 0, 0.9902703762054443),
                ["QuestLevel"] = 2,
            },
            ["MobName"] = "Water Fighter",
            ["SpawnLocation"] = {
                [1] = CFrame.new(-3511.958984375, 239.13800048828125, -10346.9287109375, 0.7880168557167053, -0, -0.6156536936759949, 0, 1, -0, 0.6156536936759949, 0, 0.7880168557167053),
                [2] = CFrame.new(-3331.705078125, 239.13800048828125, -10553.3564453125, -0.29242146015167236, 0, 0.956289529800415, 0, 1, 0, -0.956289529800415, 0, -0.29242146015167236),
                [3] = CFrame.new(-3316.75390625, 239.13800048828125, -10323.1689453125, 0.9925507307052612, 0, 0.12183182686567307, 0, 1, 0, -0.12183182686567307, 0, 0.9925507307052612),
                [4] = CFrame.new(-3396.35888671875, 239.13800048828125, -10745.10546875, -0.9925510883331299, 0, -0.12183182686567307, 0, 1, 0, 0.12183182686567307, 0, -0.9925510883331299),
                [5] = CFrame.new(-3657.949951171875, 239.13800048828125, -10591.1474609375, -0.6156351566314697, 0, -0.7880317568778992, 0, 1, 0, 0.7880317568778992, 0, -0.6156351566314697),
            },
        },
        ["950"] = {
            ["FullName"] = "Zombie",
            ["IsBoss"] = false,
            ["LevelRequest"] = 950,
            ["Quest"] = {
                ["QuestName"] = "ZombieQuest",
                ["NpcName"] = "Graveyard Quest Giver",
                ["QuestCFrame"] = CFrame.new(-5497.06201171875, 47.59199523925781, -795.2369995117188, -0.29242146015167236, 0, -0.956289529800415, 0, 1, 0, 0.956289529800415, 0, -0.29242146015167236),
                ["QuestLevel"] = 1,
            },
            ["MobName"] = "Zombie",
            ["SpawnLocation"] = {
                [1] = CFrame.new(-5856.5888671875, 70.35099792480469, -739.0499877929688, 0.2079511284828186, 0.032559964805841446, -0.977597177028656, 0.005462381988763809, 0.9993915557861328, 0.03444778919219971, 0.9781239628791809, -0.012503465637564659, 0.20764678716659546),
                [2] = CFrame.new(-5766.64892578125, 47.501007080078125, -824.6619873046875, -0.17362427711486816, 0, -0.9848119020462036, 0, 1, 0, 0.9848119020462036, 0, -0.17362427711486816),
                [3] = CFrame.new(-5614.9599609375, 49.30799865722656, -938.468994140625, 0.3420426845550537, -0, -0.9396843910217285, 0, 1, -0, 0.9396843910217285, 0, 0.3420426845550537),
                [4] = CFrame.new(-5761.9921875, 49.30799865722656, -654.93798828125, -0.5446655750274658, 0, 0.8386534452438354, 0, 1, 0, -0.8386534452438354, 0, -0.5446655750274658),
                [5] = CFrame.new(-5512.23193359375, 49.30799865722656, -847.97802734375, 0.6946498155593872, -0, -0.7193480730056763, 0, 1, -0, 0.7193480730056763, 0, 0.6946498155593872),
            },
        },
        ["650"] = {
            ["FullName"] = "Galley Captain",
            ["IsBoss"] = false,
            ["LevelRequest"] = 650,
            ["Quest"] = {
                ["QuestName"] = "FountainQuest",
                ["NpcName"] = "Freezeburg Quest Giver",
                ["QuestLevel"] = 2,
            },
            ["MobName"] = "Galley Captain",
            ["SpawnLocation"] = {},
        },
        ["750"] = {
            ["FullName"] = "Diamond",
            ["IsBoss"] = true,
            ["LevelRequest"] = 750,
            ["Quest"] = {
                ["QuestName"] = "Area1Quest",
                ["NpcName"] = "Area 1 Quest Giver",
                ["QuestCFrame"] = CFrame.new(-429.54400634765625, 71.77000427246094, 1836.1820068359375, -0.2249598503112793, 0, -0.9743680953979492, 0, 1, 0, 0.9743680953979492, 0, -0.2249598503112793),
                ["QuestLevel"] = 3,
            },
            ["MobName"] = "Diamond",
            ["SpawnLocation"] = {
                [1] = CFrame.new(-1711.3709716796875, 206.04100036621094, -97.08200073242188, -0.6946498155593872, 0, -0.7193480730056763, 0, 1, 0, 0.7193480730056763, 0, -0.6946498155593872),
            },
        },
        ["1350"] = {
            ["FullName"] = "Arctic Warrior",
            ["IsBoss"] = false,
            ["LevelRequest"] = 1350,
            ["Quest"] = {
                ["QuestName"] = "FrostQuest",
                ["NpcName"] = "Frost Quest Giver",
                ["QuestCFrame"] = CFrame.new(5667.658203125, 26.800003051757812, -6486.08984375, -0.933587908744812, 0, -0.3583495020866394, 0, 1, 0, 0.3583495020866394, 0, -0.933587908744812),
                ["QuestLevel"] = 1,
            },
            ["MobName"] = "Arctic Warrior",
            ["SpawnLocation"] = {
                [1] = CFrame.new(5832.19580078125, 27.55999755859375, -6241.2900390625, 0.9271793961524963, -0, -0.37461769580841064, 0, 1, -0, 0.37461769580841064, 0, 0.9271793961524963),
                [2] = CFrame.new(5994.5888671875, 27.55999755859375, -6324.27880859375, -0.9925510883331299, 0, -0.12183182686567307, 0, 1, 0, 0.12183182686567307, 0, -0.9925510883331299),
                [3] = CFrame.new(6271.31689453125, 27.55999755859375, -6151.5380859375, 0.6560627818107605, 0, 0.7547063231468201, 0, 1, 0, -0.7547063231468201, 0, 0.6560627818107605),
                [4] = CFrame.new(6167.22216796875, 27.55999755859375, -6319.22998046875, -0.7986167669296265, 0, 0.6018404960632324, 0, 1, 0, -0.6018404960632324, 0, -0.7986167669296265),
                [5] = CFrame.new(6095.52587890625, 27.55999755859375, -6077.94091796875, 0.9612739682197571, -0, -0.2755945920944214, 0, 1, -0, 0.2755945920944214, 0, 0.9612739682197571),
            },
        },
        ["1175"] = {
            ["FullName"] = "Magma Ninja",
            ["IsBoss"] = false,
            ["LevelRequest"] = 1175,
            ["Quest"] = {
                ["QuestName"] = "FireSideQuest",
                ["NpcName"] = "Fire Quest Giver",
                ["QuestCFrame"] = CFrame.new(-5428.0322265625, 15.061996459960938, -5299.43505859375, -0.8829522132873535, 0, 0.4694635570049286, 0, 1, 0, -0.4694635570049286, 0, -0.8829522132873535),
                ["QuestLevel"] = 1,
            },
            ["MobName"] = "Magma Ninja",
            ["SpawnLocation"] = {
                [1] = CFrame.new(-5768.56201171875, 14.292007446289062, -5945.7412109375, -0.9993922710418701, 0, -0.03486879914999008, 0, 1, 0, 0.03486879914999008, 0, -0.9993922710418701),
                [2] = CFrame.new(-5803.7890625, 14.292007446289062, -5710.0849609375, 0.20788592100143433, -0, -0.9781531095504761, 0, 1, -0, 0.9781531095504761, 0, 0.20788592100143433),
                [3] = CFrame.new(-5259.7841796875, 14.292007446289062, -6288.5830078125, -0.8480604887008667, 0, -0.529899537563324, 0, 1, 0, 0.529899537563324, 0, -0.8480604887008667),
                [4] = CFrame.new(-5097.60986328125, 14.292999267578125, -6117.45703125, -0.29242146015167236, 0, 0.956289529800415, 0, 1, 0, -0.956289529800415, 0, -0.29242146015167236),
                [5] = CFrame.new(-5206.634765625, 14.292007446289062, -5976.9912109375, 0.6156346797943115, 0, 0.7880317568778992, 0, 1, 0, -0.7880317568778992, 0, 0.6156346797943115),
            },
        },
        ["325"] = {
            ["FullName"] = "Military Spy",
            ["IsBoss"] = false,
            ["LevelRequest"] = 325,
            ["Quest"] = {
                ["QuestName"] = "MagmaQuest",
                ["NpcName"] = "The Mayor",
                ["QuestLevel"] = 2,
            },
            ["MobName"] = "Military Spy",
            ["SpawnLocation"] = {},
        },
        ["1850"] = {
            ["FullName"] = "Mythological Pirate",
            ["IsBoss"] = false,
            ["LevelRequest"] = 1850,
            ["Quest"] = {
                ["QuestName"] = "DeepForestIsland",
                ["NpcName"] = "Deep Forest Quest Giver",
                ["QuestLevel"] = 2,
            },
            ["MobName"] = "Mythological Pirate",
            ["SpawnLocation"] = {},
        },
        ["2200"] = {
            ["FullName"] = "Cookie Crafter",
            ["IsBoss"] = false,
            ["LevelRequest"] = 2200,
            ["Quest"] = {
                ["QuestName"] = "CakeQuest1",
                ["NpcName"] = "Cake Quest Giver 1",
                ["QuestLevel"] = 1,
            },
            ["MobName"] = "Cookie Crafter",
            ["SpawnLocation"] = {},
        },
        ["2450"] = {
            ["FullName"] = "Isle Outlaw",
            ["IsBoss"] = false,
            ["LevelRequest"] = 2450,
            ["Quest"] = {
                ["QuestName"] = "TikiQuest1",
                ["NpcName"] = "Tiki Quest Giver 1",
                ["QuestLevel"] = 1,
            },
            ["MobName"] = "Isle Outlaw",
            ["SpawnLocation"] = {},
        },
        ["1900"] = {
            ["FullName"] = "Jungle Pirate",
            ["IsBoss"] = false,
            ["LevelRequest"] = 1900,
            ["Quest"] = {
                ["QuestName"] = "DeepForestIsland2",
                ["NpcName"] = "Deep Forest Area 2 Quest Giver",
                ["QuestLevel"] = 1,
            },
            ["MobName"] = "Jungle Pirate",
            ["SpawnLocation"] = {},
        },
        ["1775"] = {
            ["FullName"] = "Fishman Raider",
            ["IsBoss"] = false,
            ["LevelRequest"] = 1775,
            ["Quest"] = {
                ["QuestName"] = "DeepForestIsland3",
                ["NpcName"] = "Turtle Adventure Quest Giver",
                ["QuestLevel"] = 1,
            },
            ["MobName"] = "Fishman Raider",
            ["SpawnLocation"] = {},
        },
        ["525"] = {
            ["FullName"] = "Royal Squad",
            ["IsBoss"] = false,
            ["LevelRequest"] = 525,
            ["Quest"] = {
                ["QuestName"] = "SkyExp2Quest",
                ["NpcName"] = "Sky Quest Giver 2",
                ["QuestLevel"] = 1,
            },
            ["MobName"] = "Royal Squad",
            ["SpawnLocation"] = {},
        },
        ["425"] = {
            ["FullName"] = "Fishman Lord",
            ["IsBoss"] = true,
            ["LevelRequest"] = 425,
            ["Quest"] = {
                ["QuestName"] = "FishmanQuest",
                ["NpcName"] = "King Neptune",
                ["QuestLevel"] = 3,
            },
            ["MobName"] = "Fishman Lord",
            ["SpawnLocation"] = {},
        },
        ["725"] = {
            ["FullName"] = "Mercenary",
            ["IsBoss"] = false,
            ["LevelRequest"] = 725,
            ["Quest"] = {
                ["QuestName"] = "Area1Quest",
                ["NpcName"] = "Area 1 Quest Giver",
                ["QuestCFrame"] = CFrame.new(-429.54400634765625, 71.77000427246094, 1836.1820068359375, -0.2249598503112793, 0, -0.9743680953979492, 0, 1, 0, 0.9743680953979492, 0, -0.2249598503112793),
                ["QuestLevel"] = 2,
            },
            ["MobName"] = "Mercenary",
            ["SpawnLocation"] = {
                [1] = CFrame.new(-913.7650146484375, 72.87600708007812, 1574.1510009765625, -0.9455184936523438, 0, 0.3255683183670044, 0, 1, 0, -0.3255683183670044, 0, -0.9455184936523438),
                [2] = CFrame.new(-1085.1510009765625, 72.87600708007812, 1696.39404296875, 0.10454308986663818, -0, -0.9945204257965088, 0, 1, -0, 0.9945204257965088, 0, 0.10454308986663818),
                [3] = CFrame.new(-924.6840209960938, 72.87600708007812, 1788.1240234375, 0.9612739682197571, 0, 0.2755945920944214, 0, 1, 0, -0.2755945920944214, 0, 0.9612739682197571),
                [4] = CFrame.new(-1135.9439697265625, 72.87600708007812, 1248.3270263671875, 0.35837775468826294, -0, -0.9335766434669495, 0, 1, -0, 0.9335766434669495, 0, 0.35837775468826294),
                [5] = CFrame.new(-986.7750244140625, 72.87600708007812, 1088.447021484375, -0.6560627222061157, 0, 0.7547063231468201, 0, 1, 0, -0.7547063231468201, 0, -0.6560627222061157),
                [6] = CFrame.new(-1209.2049560546875, 72.87600708007812, 1073.0369873046875, -0.4848262071609497, 0, -0.8746106028556824, 0, 1, 0, 0.8746106028556824, 0, -0.4848262071609497),
            },
        },
        ["625"] = {
            ["FullName"] = "Galley Pirate",
            ["IsBoss"] = false,
            ["LevelRequest"] = 625,
            ["Quest"] = {
                ["QuestName"] = "FountainQuest",
                ["NpcName"] = "Freezeburg Quest Giver",
                ["QuestLevel"] = 1,
            },
            ["MobName"] = "Galley Pirate",
            ["SpawnLocation"] = {},
        },
        ["1100"] = {
            ["FullName"] = "Lab Subordinate",
            ["IsBoss"] = false,
            ["LevelRequest"] = 1100,
            ["Quest"] = {
                ["QuestName"] = "IceSideQuest",
                ["NpcName"] = "Ice Quest Giver",
                ["QuestCFrame"] = CFrame.new(-6064.06884765625, 15.24200439453125, -4902.97900390625, 0.45397257804870605, -0, -0.8910156488418579, 0, 1, -0, 0.8910156488418579, 0, 0.45397257804870605),
                ["QuestLevel"] = 1,
            },
            ["MobName"] = "Lab Subordinate",
            ["SpawnLocation"] = {
                [1] = CFrame.new(-5590.30419921875, 14.292007446289062, -4436.53515625, 0.22495973110198975, 0, 0.9743680953979492, 0, 1, 0, -0.9743680953979492, 0, 0.22495973110198975),
                [2] = CFrame.new(-5640.39111328125, 14.292007446289062, -4680.93798828125, -0.6018141508102417, 0, 0.7986365556716919, 0, 1, 0, -0.7986365556716919, 0, -0.6018141508102417),
                [3] = CFrame.new(-5963.47998046875, 14.292007446289062, -4340.27587890625, 0.601813793182373, -0, -0.7986365556716919, 0, 1, -0, 0.7986365556716919, 0, 0.601813793182373),
                [4] = CFrame.new(-5766.35302734375, 14.292007446289062, -4249.669921875, 0.9563202261924744, 0, 0.29232117533683777, 0, 1, 0, -0.29232117533683777, 0, 0.9563202261924744),
                [5] = CFrame.new(-5897.82177734375, 14.292007446289062, -4554.6240234375, -0.39071834087371826, 0, -0.9205106496810913, 0, 1, 0, 0.9205106496810913, 0, -0.39071834087371826),
            },
        },
        ["500"] = {
            ["FullName"] = "Wysper",
            ["IsBoss"] = true,
            ["LevelRequest"] = 500,
            ["Quest"] = {
                ["QuestName"] = "SkyExp1Quest",
                ["NpcName"] = "Mole",
                ["QuestLevel"] = 3,
            },
            ["MobName"] = "Wysper",
            ["SpawnLocation"] = {},
        },
        ["400"] = {
            ["FullName"] = "Fishman Commando",
            ["IsBoss"] = false,
            ["LevelRequest"] = 400,
            ["Quest"] = {
                ["QuestName"] = "FishmanQuest",
                ["NpcName"] = "King Neptune",
                ["QuestLevel"] = 2,
            },
            ["MobName"] = "Fishman Commando",
            ["SpawnLocation"] = {},
        },
        ["1500"] = {
            ["FullName"] = "Pirate Millionaire",
            ["IsBoss"] = false,
            ["LevelRequest"] = 1500,
            ["Quest"] = {
                ["QuestName"] = "PiratePortQuest",
                ["NpcName"] = "Pirate Port Quest Giver",
                ["QuestLevel"] = 1,
            },
            ["MobName"] = "Pirate Millionaire",
            ["SpawnLocation"] = {},
        },
        ["2425"] = {
            ["FullName"] = "Snow Demon",
            ["IsBoss"] = false,
            ["LevelRequest"] = 2425,
            ["Quest"] = {
                ["QuestName"] = "CandyQuest1",
                ["NpcName"] = "Candy Cane Quest Giver",
                ["QuestLevel"] = 2,
            },
            ["MobName"] = "Snow Demon",
            ["SpawnLocation"] = {},
        },
        ["100"] = {
            ["FullName"] = "Snowman",
            ["IsBoss"] = false,
            ["LevelRequest"] = 100,
            ["Quest"] = {
                ["QuestName"] = "SnowQuest",
                ["NpcName"] = "Villager",
                ["QuestLevel"] = 2,
            },
            ["MobName"] = "Snowman",
            ["SpawnLocation"] = {},
        },
        ["2050"] = {
            ["FullName"] = "Posessed Mummy",
            ["IsBoss"] = false,
            ["LevelRequest"] = 2050,
            ["Quest"] = {
                ["QuestName"] = "HauntedQuest2",
                ["NpcName"] = "Haunted Castle Quest Giver 2",
                ["QuestLevel"] = 2,
            },
            ["MobName"] = "Posessed Mummy",
            ["SpawnLocation"] = {},
        },
        ["2100"] = {
            ["FullName"] = "Peanut President",
            ["IsBoss"] = false,
            ["LevelRequest"] = 2100,
            ["Quest"] = {
                ["QuestName"] = "NutsIslandQuest",
                ["NpcName"] = "Peanut Quest Giver",
                ["QuestLevel"] = 2,
            },
            ["MobName"] = "Peanut President",
            ["SpawnLocation"] = {},
        },
        ["2625"] = {
            ["FullName"] = "Coral Pirate",
            ["IsBoss"] = false,
            ["LevelRequest"] = 2625,
            ["Quest"] = {
                ["QuestName"] = "SubmergedQuest1",
                ["NpcName"] = "Submerged Quest Giver 1",
                ["QuestLevel"] = 2,
            },
            ["MobName"] = "Coral Pirate",
            ["SpawnLocation"] = {},
        },
        ["1625"] = {
            ["FullName"] = "Hydra Enforcer",
            ["IsBoss"] = false,
            ["LevelRequest"] = 1625,
            ["Quest"] = {
                ["QuestName"] = "VenomCrewQuest",
                ["NpcName"] = "Hydra Town Quest Giver",
                ["QuestLevel"] = 1,
            },
            ["MobName"] = "Hydra Enforcer",
            ["SpawnLocation"] = {},
        },
        ["90"] = {
            ["FullName"] = "Snow Bandit",
            ["IsBoss"] = false,
            ["LevelRequest"] = 90,
            ["Quest"] = {
                ["QuestName"] = "SnowQuest",
                ["NpcName"] = "Villager",
                ["QuestLevel"] = 1,
            },
            ["MobName"] = "Snow Bandit",
            ["SpawnLocation"] = {},
        },
        ["75"] = {
            ["FullName"] = "Desert Officer",
            ["IsBoss"] = false,
            ["LevelRequest"] = 75,
            ["Quest"] = {
                ["QuestName"] = "DesertQuest",
