{["MONSTER_INDEX_TABLE_With_Level"]={["1825"]={["FullName"]="Forest Pirate",["IsBoss"]=false,["LevelRequest"]=1825,["Quest"]={["QuestName"]="DeepForestIsland",["NpcName"]="Deep Forest Quest Giver",["QuestCFrame"]=CFrame.new(-13234.0400390625,331.4880065917969,-7625.40087890625,0.7071342468261719,-0,-0.707079291343689,0,1,-0,0.707079291343689,0,0.7071342468261719),["QuestLevel"]=1},["MobName"]="Forest Pirate",["SpawnLocation"]={[1]=CFrame.new(-13105.54296875,332.22601318359375,-7705.7568359375,-0.7313214540481567,0,0.6820330023765564,0,1,0,-0.6820330023765564,0,-0.7313214540481567),[2]=CFrame.new(-13345.5419921875,332.22601318359375,-7630.7578125,0.7193580865859985,-0,-0.6946393847465515,0,1,-0,0.6946393847465515,0,0.7193580865859985),[3]=CFrame.new(-13600.54296875,332.22601318359375,-7741.7578125,0.15644598007202148,-0,-0.9876865744590759,0,1,-0,0.9876865744590759,0,0.15644598007202148)}},["900"]={["FullName"]="Marine Captain",["IsBoss"]=false,["LevelRequest"]=900,["Quest"]={["QuestName"]="MarineQuest3",["NpcName"]="Marine Quest Giver",["QuestLevel"]=2},["MobName"]="Marine Captain",["SpawnLocation"]={}},["800"]={["FullName"]="Factory Staff",["IsBoss"]=false,["LevelRequest"]=800,["Quest"]={["QuestName"]="Area2Quest",["NpcName"]="Area 2 Quest Giver",["QuestLevel"]=2},["MobName"]="Factory Staff",["SpawnLocation"]={}},["2225"]={["FullName"]="Cake Guard",["IsBoss"]=false,["LevelRequest"]=2225,["Quest"]={["QuestName"]="CakeQuest1",["NpcName"]="Cake Quest Giver 1",["QuestCFrame"]=CFrame.new(-2022.2989501953125,36.928009033203125,-12030.9765625,-0.9612739086151123,0,-0.2755945920944214,0,1,0,0.2755945920944214,0,-0.9612739086151123),["QuestLevel"]=2},["MobName"]="Cake Guard",["SpawnLocation"]={[1]=CFrame.new(-1471.1280517578125,35.21900939941406,-12436.84375,-0.4425472021102905,0,0.8967452049255371,0,1,0,-0.8967452049255371,0,-0.4425472021102905),[2]=CFrame.new(-1531.4110107421875,35.21900939941406,-12132.439453125,0.991970956325531,0,0.12646609544754028,0,1,0,-0.12646609544754028,0,0.991970956325531),[3]=CFrame.new(-1418.510986328125,35.21900939941406,-12255.71875,-0.12647175788879395,0,0.9919702410697937,0,1,0,-0.9919702410697937,0,-0.12647175788879395),[4]=CFrame.new(-1693.97998046875,35.21900939941406,-12436.84375,-0.7161152362823486,0,-0.697982132434845,0,1,0,0.697982132434845,0,-0.7161152362823486),[5]=CFrame.new(-1736.5439453125,35.21900939941406,-12249.060546875,-0.8062667846679688,0,-0.5915520787239075,0,1,0,0.5915520787239075,0,-0.8062667846679688)}},["2350"]={["FullName"]="Sweet Thief",["IsBoss"]=false,["LevelRequest"]=2350,["Quest"]={["QuestName"]="ChocQuest2",["NpcName"]="Chocolate Quest Giver 2",["QuestCFrame"]=CFrame.new(151.197998046875,23.891006469726562,-12774.6171875,0.42259299755096436,0,0.9063196182250977,0,1,0,-0.9063196182250977,0,0.42259299755096436),["QuestLevel"]=1},["MobName"]="Sweet Thief",["SpawnLocation"]={[1]=CFrame.new(5.365997314453125,25.582000732421875,-12537.42578125,0.7660612463951111,-0,-0.642767608165741,0,1,-0,0.642767608165741,0,0.7660612463951111),[2]=CFrame.new(-140.25799560546875,25.582000732421875,-12652.3115234375,0.17362433671951294,-0,-0.9848119020462036,0,1,-0,0.9848119020462036,0,0.17362433671951294),[3]=CFrame.new(143.97000122070312,25.582000732421875,-12531.720703125,0.9659296274185181,0,0.2588047981262207,0,1,0,-0.2588047981262207,0,0.9659296274185181),[4]=CFrame.new(88.47200012207031,25.582000732421875,-12662.20703125,-0.7660616636276245,0,0.642767608165741,0,1,0,-0.642767608165741,0,-0.7660616636276245),[5]=CFrame.new(-77.64700317382812,25.582000732421875,-12765.6201171875,-0.7660616636276245,0,-0.642767608165741,0,1,0,0.642767608165741,0,-0.7660616636276245)}},["1050"]={["FullName"]="Winter Warrior",["IsBoss"]=false,["LevelRequest"]=1050,["Quest"]={["QuestName"]="SnowMountainQuest",["NpcName"]="Snow Quest Giver",["QuestLevel"]=2},["MobName"]="Winter Warrior",["SpawnLocation"]={}},["1475"]={["FullName"]="Tide Keeper",["IsBoss"]=true,["LevelRequest"]=1475,["Quest"]={["QuestName"]="ForgottenQuest",["NpcName"]="Forgotten Quest Giver",["QuestLevel"]=3},["MobName"]="Tide Keeper",["SpawnLocation"]={}},["2475"]={["FullName"]="Island Boy",["IsBoss"]=false,["LevelRequest"]=2475,["Quest"]={["QuestName"]="TikiQuest1",["NpcName"]="Tiki Quest Giver 1",["QuestCFrame"]=CFrame.new(-16548.81640625,55.60600280761719,-172.81199645996094,0.21309256553649902,-0,-0.9770320057868958,0,1,-0,0.9770320057868958,0,0.21309256553649902),["QuestLevel"]=2},["MobName"]="Island Boy",["SpawnLocation"]={[1]=CFrame.new(-16736.21875,22.171005249023438,-131.7209930419922,0.5463936924934387,0,0.8375284671783447,0,1,0,-0.8375284671783447,0,0.5463936924934387),[2]=CFrame.new(-16905.3046875,13.093994140625,-73.50700378417969,0.88026362657547,-0,-0.4744848906993866,0,1,-0,0.4744848906993866,0,0.88026362657547),[3]=CFrame.new(-16991.73046875,12.766998291015625,-186.18299865722656,-0.9563201665878296,0,-0.29232117533683777,0,1,0,0.29232117533683777,0,-0.9563201665878296),[4]=CFrame.new(-16661.57421875,57.37200927734375,-252.96299743652344,-0.8474411964416504,0,-0.5308892726898193,0,1,0,0.5308892726898193,0,-0.8474411964416504),[5]=CFrame.new(-16883.048828125,23.347000122070312,-250.87399291992188,-0.9562946557998657,0,-0.2924046516418457,0,1,0,0.2924046516418457,0,-0.9562946557998657)}},["1750"]={["FullName"]="Kilo Admiral",["IsBoss"]=true,["LevelRequest"]=1750,["Quest"]={["QuestName"]="MarineTreeIsland",["NpcName"]="Marine Tree Quest Giver",["QuestCFrame"]=CFrame.new(2485.73291015625,73.34600830078125,-6788.625,-0.4275914430618286,0,0.9039722084999084,0,1,0,-0.9039722084999084,0,-0.4275914430618286),["QuestLevel"]=3},["MobName"]="Kilo Admiral",["SpawnLocation"]={[1]=CFrame.new(2998.294921875,508.79400634765625,-7344.32177734375,0.20788592100143433,0,0.9781531095504761,0,1,0,-0.9781531095504761,0,0.20788592100143433)}},["1800"]={["FullName"]="Fishman Captain",["IsBoss"]=false,["LevelRequest"]=1800,["Quest"]={["QuestName"]="DeepForestIsland3",["NpcName"]="Turtle Adventure Quest Giver",["QuestCFrame"]=CFrame.new(-10581.65625,330.87298583984375,-8761.1865234375,-0.8829522132873535,0,0.4694635570049286,0,1,0,-0.4694635570049286,0,-0.8829522132873535),["QuestLevel"]=2},["MobName"]="Fishman Captain",["SpawnLocation"]={[1]=CFrame.new(-10828.1064453125,331.82598876953125,-9049.146484375,-0.09120917320251465,0,0.9958317875862122,0,1,0,-0.9958317875862122,0,-0.09120917320251465),[2]=CFrame.new(-10736.6728515625,331.82598876953125,-8807.5791015625,-0.5769405364990234,0,0.8167862892150879,0,1,0,-0.8167862892150879,0,-0.5769405364990234),[3]=CFrame.new(-11107.853515625,331.82598876953125,-8842.916015625,0.17761456966400146,-0,-0.9841001629829407,0,1,-0,0.9841001629829407,0,0.17761456966400146),[4]=CFrame.new(-11135.2001953125,331.82598876953125,-9240.88671875,-0.704220175743103,0,-0.7099816799163818,0,1,0,0.7099816799163818,0,-0.704220175743103),[5]=CFrame.new(-11072.599609375,331.82598876953125,-8610.072265625,0.17761456966400146,-0,-0.9841001629829407,0,1,-0,0.9841001629829407,0,0.17761456966400146),[6]=CFrame.new(-11210.2685546875,331.82598876953125,-9072.7119140625,-0.3381751775741577,0,-0.9410832524299622,0,1,0,0.9410832524299622,0,-0.3381751775741577)}},["675"]={["FullName"]="Cyborg",["IsBoss"]=true,["LevelRequest"]=675,["Quest"]={["QuestName"]="FountainQuest",["NpcName"]="Freezeburg Quest Giver",["QuestLevel"]=3},["MobName"]="Cyborg",["SpawnLocation"]={}},["1000"]={["FullName"]="Snow Trooper",["IsBoss"]=false,["LevelRequest"]=1000,["Quest"]={["QuestName"]="SnowMountainQuest",["NpcName"]="Snow Quest Giver",["QuestLevel"]=1},["MobName"]="Snow Trooper",["SpawnLocation"]={}},["1400"]={["FullName"]="Awakened Ice Admiral",["IsBoss"]=true,["LevelRequest"]=1400,["Quest"]={["QuestName"]="FrostQuest",["NpcName"]="Frost Quest Giver",["QuestLevel"]=3},["MobName"]="Awakened Ice Admiral",["SpawnLocation"]={}},["2400"]={["FullName"]="Candy Pirate",["IsBoss"]=false,["LevelRequest"]=2400,["Quest"]={["QuestName"]="CandyQuest1",["NpcName"]="Candy Cane Quest Giver",["QuestCFrame"]=CFrame.new(-1164.498046875,59.26899719238281,-14492.6181640625,0.2588643431663513,-0,-0.965913712978363,0,1,-0,0.965913712978363,0,0.2588643431663513),["QuestLevel"]=1},["MobName"]="Candy Pirate",["SpawnLocation"]={[1]=CFrame.new(-1255.7989501953125,33.46699523925781,-14507.0966796875,-0.5000457763671875,0,0.8659989833831787,0,1,0,-0.8659989833831787,0,-0.5000457763671875),[2]=CFrame.new(-1332.675048828125,24.343002319335938,-14327.3603515625,0.798616349697113,-0,-0.6018404960632324,0,1,-0,0.6018404960632324,0,0.798616349697113),[3]=CFrame.new(-1428.1529541015625,36.40699768066406,-14637.896484375,0.5000457763671875,-0,-0.8659989833831787,0,1,-0,0.8659989833831787,0,0.5000457763671875),[4]=CFrame.new(-1378.656982421875,38.02400207519531,-14802.8837890625,-0.7071342468261719,0,-0.707079291343689,0,1,0,0.707079291343689,0,-0.7071342468261719),[5]=CFrame.new(-1226.7869873046875,36.300994873046875,-14777.587890625,-0.6560627222061157,0,0.7547063231468201,0,1,0,-0.7547063231468201,0,-0.6560627222061157),[6]=CFrame.new(-1440.3260498046875,32.49299621582031,-14435.9345703125,0.5000457763671875,-0,-0.8659989833831787,0,1,-0,0.8659989833831787,0,0.5000457763671875)}},["240"]={["FullName"]="Swan",["IsBoss"]=true,["LevelRequest"]=240,["Quest"]={["QuestName"]="ImpelQuest",["NpcName"]="Head Jailer",["QuestLevel"]=3},["MobName"]="Swan",["SpawnLocation"]={}},["2500"]={["FullName"]="Sun-kissed Warrior",["IsBoss"]=false,["LevelRequest"]=2500,["Quest"]={["QuestName"]="TikiQuest2",["NpcName"]="Tiki Quest Giver 2",["QuestCFrame"]=CFrame.new(-16541.021484375,54.77099609375,1051.4610595703125,0.04119527339935303,-0,-0.9991511702537537,0,1,-0,0.9991511702537537,0,0.04119527339935303),["QuestLevel"]=1},["MobName"]="Sun-kissed Warrior",["SpawnLocation"]={[1]=CFrame.new(-16186.4208984375,25.10400390625,1098.0830078125,0.6457487344741821,0,0.7635499238967896,0,1,0,-0.7635499238967896,0,0.6457487344741821),[2]=CFrame.new(-16052.4560546875,9.8179931640625,1061.9129638671875,0.7837804555892944,0,0.6210380792617798,0,1,0,-0.6210380792617798,0,0.7837804555892944),[3]=CFrame.new(-16357.3134765625,21.018997192382812,1005.6510009765625,-0.7825297117233276,0,-0.6226131916046143,0,1,0,0.6226131916046143,0,-0.7825297117233276),[4]=CFrame.new(-16413.5078125,56.71099853515625,1054.43603515625,-0.9993922710418701,0,-0.03486879914999008,0,1,0,0.03486879914999008,0,-0.9993922710418701),[5]=CFrame.new(-16153.365234375,14.464996337890625,942.447998046875,-0.9368804693222046,0,0.3496498763561249,0,1,0,-0.3496498763561249,0,-0.9368804693222046)}},["2000"]={["FullName"]="Living Zombie",["IsBoss"]=false,["LevelRequest"]=2000,["Quest"]={["QuestName"]="HauntedQuest1",["NpcName"]="Haunted Castle Quest Giver 1",["QuestCFrame"]=CFrame.new(-9479.216796875,141.21499633789062,5566.0927734375,0,0,1,0,1,-0,-1,0,0),["QuestLevel"]=2},["MobName"]="Living Zombie",["SpawnLocation"]={[1]=CFrame.new(-10184.1015625,152.9530029296875,5741.93017578125,0.03484940528869629,-0,-0.999392569065094,0,1,-0,0.999392569065094,0,0.03484940528869629),[2]=CFrame.new(-10293.1015625,152.9530029296875,5960.93017578125,0.03484940528869629,-0,-0.999392569065094,0,1,-0,0.999392569065094,0,0.03484940528869629),[3]=CFrame.new(-10170.90234375,141.1750030517578,6159.626953125,0.9702872633934021,-0,-0.24195581674575806,0,1,-0,0.24195581674575806,0,0.9702872633934021),[4]=CFrame.new(-10061.90234375,140.1750030517578,6038.626953125,0.9702872633934021,-0,-0.24195581674575806,0,1,-0,0.24195581674575806,0,0.9702872633934021),[5]=CFrame.new(-10205.1015625,151.9530029296875,5861.93017578125,0.5735987424850464,-0,-0.8191365599632263,0,1,-0,0.8191365599632263,0,0.5735987424850464),[6]=CFrame.new(-9956.1015625,140.9530029296875,5966.93017578125,0.8987903594970703,-0,-0.4383787512779236,0,1,-0,0.4383787512779236,0,0.8987903594970703)}},["230"]={["FullName"]="Chief Warden",["IsBoss"]=true,["LevelRequest"]=230,["Quest"]={["QuestName"]="ImpelQuest",["NpcName"]="Head Jailer",["QuestLevel"]=2},["MobName"]="Chief Warden",["SpawnLocation"]={}},["1950"]={["FullName"]="Beautiful Pirate",["IsBoss"]=true,["LevelRequest"]=1950,["Quest"]={["QuestName"]="DeepForestIsland2",["NpcName"]="Deep Forest Area 2 Quest Giver",["QuestCFrame"]=CFrame.new(-12680.3818359375,389.97100830078125,-9902.01953125,-0.08713150024414062,0,0.9961968660354614,0,1,0,-0.9961968660354614,0,-0.08713150024414062),["QuestLevel"]=3},["MobName"]="Beautiful Pirate",["SpawnLocation"]={[1]=CFrame.new(5367.31396484375,26.395004272460938,-64.70100402832031,1,0,0,0,1,0,0,0,1)}},["850"]={["FullName"]="Jeremy",["IsBoss"]=true,["LevelRequest"]=850,["Quest"]={["QuestName"]="Area2Quest",["NpcName"]="Area 2 Quest Giver",["QuestLevel"]=3},["MobName"]="Jeremy",["SpawnLocation"]={}},["1725"]={["FullName"]="Marine Rear Admiral",["IsBoss"]=false,["LevelRequest"]=1725,["Quest"]={["QuestName"]="MarineTreeIsland",["NpcName"]="Marine Tree Quest Giver",["QuestCFrame"]=CFrame.new(2485.73291015625,73.34600830078125,-6788.625,-0.4275914430618286,0,0.9039722084999084,0,1,0,-0.9039722084999084,0,-0.4275914430618286),["QuestLevel"]=2},["MobName"]="Marine Rear Admiral",["SpawnLocation"]={[1]=CFrame.new(3920.06103515625,146.2259979248047,-7175.2060546875,-0.6427637338638306,0,0.7660649418830872,0,1,0,-0.7660649418830872,0,-0.6427637338638306),[2]=CFrame.new(3465.18408203125,123.91200256347656,-7181.7841796875,-0.5592103004455566,0,-0.8290258049964905,0,1,0,0.8290258049964905,0,-0.5592103004455566),[3]=CFrame.new(3761.81005859375,123.91200256347656,-6823.52197265625,0.9612739682197571,0,0.2755945920944214,0,1,0,-0.2755945920944214,0,0.9612739682197571),[4]=CFrame.new(3753.5029296875,123.91200256347656,-7403.22021484375,-0.9945180416107178,0,-0.10456500202417374,0,1,0,0.10456500202417374,0,-0.9945180416107178),[5]=CFrame.new(3973.738037109375,123.91200256347656,-6931.93701171875,0.5592103004455566,0,0.8290258049964905,0,1,0,-0.8290258049964905,0,0.5592103004455566)}},["700"]={["FullName"]="Raider",["IsBoss"]=false,["LevelRequest"]=700,["Quest"]={["QuestName"]="Area1Quest",["NpcName"]="Area 1 Quest Giver",["QuestLevel"]=1},["MobName"]="Raider",["SpawnLocation"]={[1]=CFrame.new(-10523.755859375,332.6029968261719,-8597.5888671875,-0.8214843273162842,0,0.570231020450592,0,1,0,-0.570231020450592,0,-0.8214843273162842),[2]=CFrame.new(-10853.8564453125,332.6029968261719,-8425.240234375,0.908007800579071,-0,-0.4189532995223999,0,1,-0,0.4189532995223999,0,0.908007800579071),[3]=CFrame.new(-10117.947265625,332.6029968261719,-8174.68603515625,0.9855113625526428,-0,-0.16960929334163666,0,1,-0,0.16960929334163666,0,0.9855113625526428),[4]=CFrame.new(-10603.64453125,332.6029968261719,-8309.1259765625,0.768652081489563,-0,-0.6396670341491699,0,1,-0,0.6396670341491699,0,0.768652081489563),[5]=CFrame.new(-10223.1142578125,332.6029968261719,-8482.5458984375,-0.9958295822143555,0,-0.09123341739177704,0,1,0,0.09123341739177704,0,-0.9958295822143555)}},["1375"]={["FullName"]="Snow Lurker",["IsBoss"]=false,["LevelRequest"]=1375,["Quest"]={["QuestName"]="FrostQuest",["NpcName"]="Frost Quest Giver",["QuestLevel"]=2},["MobName"]="Snow Lurker",["SpawnLocation"]={}},["2375"]={["FullName"]="Candy Rebel",["IsBoss"]=false,["LevelRequest"]=2375,["Quest"]={["QuestName"]="ChocQuest2",["NpcName"]="Chocolate Quest Giver 2",["QuestCFrame"]=CFrame.new(151.197998046875,23.891006469726562,-12774.6171875,0.42259299755096436,0,0.9063196182250977,0,1,0,-0.9063196182250977,0,0.42259299755096436),["QuestLevel"]=2},["MobName"]="Candy Rebel",["SpawnLocation"]={[1]=CFrame.new(52.99800109863281,26.582000732421875,-12851.67578125,-0.2588644027709961,0,-0.965913712978363,0,1,0,0.965913712978363,0,-0.2588644027709961),[2]=CFrame.new(47.923004150390625,25.582000732421875,-13029.240234375,-0.8191560506820679,0,-0.5735712647438049,0,1,0,0.5735712647438049,0,-0.8191560506820679),[3]=CFrame.new(-72.12899780273438,25.582000732421875,-12940.32421875,0.2588643431663513,-0,-0.965913712978363,0,1,-0,0.965913712978363,0,0.2588643431663513),[4]=CFrame.new(166.82000732421875,25.582000732421875,-13035.345703125,-0.8660074472427368,0,0.5000314116477966,0,1,0,-0.5000314116477966,0,-0.8660074472427368),[5]=CFrame.new(220.3780059814453,26.582000732421875,-12913.9658203125,0.42259299755096436,0,0.9063196182250977,0,1,0,-0.9063196182250977,0,0.42259299755096436)}},["300"]={["FullName"]="Military Soldier",["IsBoss"]=false,["LevelRequest"]=300,["Quest"]={["QuestName"]="MagmaQuest",["NpcName"]="The Mayor",["QuestLevel"]=1},["MobName"]="Military Soldier",["SpawnLocation"]={}},["1325"]={["FullName"]="Ship Officer",["IsBoss"]=false,["LevelRequest"]=1325,["Quest"]={["QuestName"]="ShipQuest2",["NpcName"]="Front Crew Quest Giver",["QuestLevel"]=2},["MobName"]="Ship Officer",["SpawnLocation"]={}},["1450"]={["FullName"]="Water Fighter",["IsBoss"]=false,["LevelRequest"]=1450,["Quest"]={["QuestName"]="ForgottenQuest",["NpcName"]="Forgotten Quest Giver",["QuestLevel"]=2},["MobName"]="Water Fighter",["SpawnLocation"]={}},["950"]={["FullName"]="Zombie",["IsBoss"]=false,["LevelRequest"]=950,["Quest"]={["QuestName"]="ZombieQuest",["NpcName"]="Graveyard Quest Giver",["QuestLevel"]=1},["MobName"]="Zombie",["SpawnLocation"]={[1]=CFrame.new(-10184.1015625,152.9530029296875,5741.93017578125,0.03484940528869629,-0,-0.999392569065094,0,1,-0,0.999392569065094,0,0.03484940528869629),[2]=CFrame.new(-10293.1015625,152.9530029296875,5960.93017578125,0.03484940528869629,-0,-0.999392569065094,0,1,-0,0.999392569065094,0,0.03484940528869629),[3]=CFrame.new(-10170.90234375,141.1750030517578,6159.626953125,0.9702872633934021,-0,-0.24195581674575806,0,1,-0,0.24195581674575806,0,0.9702872633934021),[4]=CFrame.new(-10061.90234375,140.1750030517578,6038.626953125,0.9702872633934021,-0,-0.24195581674575806,0,1,-0,0.24195581674575806,0,0.9702872633934021),[5]=CFrame.new(-10205.1015625,151.9530029296875,5861.93017578125,0.5735987424850464,-0,-0.8191365599632263,0,1,-0,0.8191365599632263,0,0.5735987424850464),[6]=CFrame.new(-9956.1015625,140.9530029296875,5966.93017578125,0.8987903594970703,-0,-0.4383787512779236,0,1,-0,0.4383787512779236,0,0.8987903594970703)}},["650"]={["FullName"]="Galley Captain",["IsBoss"]=false,["LevelRequest"]=650,["Quest"]={["QuestName"]="FountainQuest",["NpcName"]="Freezeburg Quest Giver",["QuestLevel"]=2},["MobName"]="Galley Captain",["SpawnLocation"]={}},["750"]={["FullName"]="Diamond",["IsBoss"]=true,["LevelRequest"]=750,["Quest"]={["QuestName"]="Area1Quest",["NpcName"]="Area 1 Quest Giver",["QuestLevel"]=3},["MobName"]="Diamond",["SpawnLocation"]={}},["1350"]={["FullName"]="Arctic Warrior",["IsBoss"]=false,["LevelRequest"]=1350,["Quest"]={["QuestName"]="FrostQuest",["NpcName"]="Frost Quest Giver",["QuestLevel"]=1},["MobName"]="Arctic Warrior",["SpawnLocation"]={}},["1175"]={["FullName"]="Magma Ninja",["IsBoss"]=false,["LevelRequest"]=1175,["Quest"]={["QuestName"]="FireSideQuest",["NpcName"]="Fire Quest Giver",["QuestLevel"]=1},["MobName"]="Magma Ninja",["SpawnLocation"]={}},["325"]={["FullName"]="Military Spy",["IsBoss"]=false,["LevelRequest"]=325,["Quest"]={["QuestName"]="MagmaQuest",["NpcName"]="The Mayor",["QuestLevel"]=2},["MobName"]="Military Spy",["SpawnLocation"]={}},["1850"]={["FullName"]="Mythological Pirate",["IsBoss"]=false,["LevelRequest"]=1850,["Quest"]={["QuestName"]="DeepForestIsland",["NpcName"]="Deep Forest Quest Giver",["QuestCFrame"]=CFrame.new(-13234.0400390625,331.4880065917969,-7625.40087890625,0.7071342468261719,-0,-0.707079291343689,0,1,-0,0.707079291343689,0,0.7071342468261719),["QuestLevel"]=2},["MobName"]="Mythological Pirate",["SpawnLocation"]={[1]=CFrame.new(-13876.0478515625,469.4330139160156,-7009.96484375,0.42259299755096436,-0,-0.9063196182250977,0,1,-0,0.9063196182250977,0,0.42259299755096436),[2]=CFrame.new(-13456.0498046875,469.4330139160156,-7039.9638671875,0,0,1,0,1,-0,-1,0,0),[3]=CFrame.new(-13221.03125,519.10302734375,-6689.01611328125,0.6157104969024658,0,0.7879725098609924,0,1,0,-0.7879725098609924,0,0.6157104969024658),[4]=CFrame.new(-13320.0302734375,519.10302734375,-6785.01806640625,-0.3419438600540161,0,0.9397205114364624,0,1,0,-0.9397205114364624,0,-0.3419438600540161),[5]=CFrame.new(-13221.0302734375,519.10302734375,-6902.01806640625,-0.3419438600540161,0,0.9397205114364624,0,1,0,-0.9397205114364624,0,-0.3419438600540161),[6]=CFrame.new(-13732.0478515625,469.4330139160156,-6826.96484375,0.6427633166313171,-0,-0.7660649418830872,0,1,-0,0.7660649418830872,0,0.6427633166313171)}},["2200"]={["FullName"]="Cookie Crafter",["IsBoss"]=false,["LevelRequest"]=2200,["Quest"]={["QuestName"]="CakeQuest1",["NpcName"]="Cake Quest Giver 1",["QuestCFrame"]=CFrame.new(-2022.2989501953125,36.928009033203125,-12030.9765625,-0.9612739086151123,0,-0.2755945920944214,0,1,0,0.2755945920944214,0,-0.9612739086151123),["QuestLevel"]=1},["MobName"]="Cookie Crafter",["SpawnLocation"]={[1]=CFrame.new(-2499.1689453125,37.0050048828125,-12165.0185546875,0.039520978927612305,-0,-0.999218761920929,0,1,-0,0.999218761920929,0,0.039520978927612305),[2]=CFrame.new(-2342.873046875,37.0050048828125,-12009.23828125,0.9855993986129761,-0,-0.16909702122211456,0,1,-0,0.16909702122211456,0,0.9855993986129761),[3]=CFrame.new(-2464.47705078125,37.0050048828125,-12049.9326171875,0.4735493063926697,-0,-0.8807673454284668,0,1,-0,0.8807673454284668,0,0.4735493063926697),[4]=CFrame.new(-2212.889892578125,37.0050048828125,-11969.2568359375,0.4581142067909241,-0,-0.8888933658599854,0,1,-0,0.8888933658599854,0,0.4581142067909241),[5]=CFrame.new(-2423.39892578125,37.0050048828125,-12265.7666015625,-0.9992185831069946,0,-0.03952775523066521,0,1,0,0.03952775523066521,0,-0.9992185831069946)}},["2450"]={["FullName"]="Isle Outlaw",["IsBoss"]=false,["LevelRequest"]=2450,["Quest"]={["QuestName"]="TikiQuest1",["NpcName"]="Tiki Quest Giver 1",["QuestCFrame"]=CFrame.new(-16548.81640625,55.60600280761719,-172.81199645996094,0.21309256553649902,-0,-0.9770320057868958,0,1,-0,0.9770320057868958,0,0.21309256553649902),["QuestLevel"]=1},["MobName"]="Isle Outlaw",["SpawnLocation"]={[1]=CFrame.new(-16351.77734375,23.494003295898438,-282.4540100097656,-0.9087468385696411,0,-0.41734784841537476,0,1,0,0.41734784841537476,0,-0.9087468385696411),[2]=CFrame.new(-16289.48828125,22.874008178710938,-179.44400024414062,0.9862224459648132,0,0.16542449593544006,0,1,0,-0.16542449593544006,0,0.9862224459648132),[3]=CFrame.new(-16433.71875,57.22100830078125,-195.47300720214844,0.9396705627441406,-0,-0.3420807123184204,0,1,-0,0.3420807123184204,0,0.9396705627441406)}},["1900"]={["FullName"]="Jungle Pirate",["IsBoss"]=false,["LevelRequest"]=1900,["Quest"]={["QuestName"]="DeepForestIsland2",["NpcName"]="Deep Forest Area 2 Quest Giver",["QuestCFrame"]=CFrame.new(-12680.3818359375,389.97100830078125,-9902.01953125,-0.08713150024414062,0,0.9961968660354614,0,1,0,-0.9961968660354614,0,-0.08713150024414062),["QuestLevel"]=1},["MobName"]="Jungle Pirate",["SpawnLocation"]={[1]=CFrame.new(-11708.431640625,331.875,-10700.0517578125,-0.9729197025299072,0,-0.23114322125911713,0,1,0,0.23114322125911713,0,-0.9729197025299072),[2]=CFrame.new(-12321.3115234375,331.43701171875,-10669.2548828125,-0.9729197025299072,0,-0.23114322125911713,0,1,0,0.23114322125911713,0,-0.9729197025299072),[3]=CFrame.new(-11902.2734375,331.2919921875,-10432.0673828125,0.972919762134552,0,0.23114322125911713,0,1,0,-0.23114322125911713,0,0.972919762134552),[4]=CFrame.new(-12142.458984375,331.6029968261719,-10419.9111328125,0.9601365923881531,0,0.27953124046325684,0,1,0,-0.27953124046325684,0,0.9601365923881531),[5]=CFrame.new(-12306.3486328125,331.0719909667969,-10352.8779296875,0.972919762134552,0,0.23114322125911713,0,1,0,-0.23114322125911713,0,0.972919762134552),[6]=CFrame.new(-11918.103515625,332.51800537109375,-10744.08984375,-0.9729197025299072,0,-0.23114322125911713,0,1,0,0.23114322125911713,0,-0.9729197025299072),[7]=CFrame.new(-11612.466796875,335.8219909667969,-10489.4091796875,0.991817057132721,0,0.12766724824905396,0,1,0,-0.12766724824905396,0,0.991817057132721)}},["1775"]={["FullName"]="Fishman Raider",["IsBoss"]=false,["LevelRequest"]=1775,["Quest"]={["QuestName"]="DeepForestIsland3",["NpcName"]="Turtle Adventure Quest Giver",["QuestCFrame"]=CFrame.new(-10581.65625,330.87298583984375,-8761.1865234375,-0.8829522132873535,0,0.4694635570049286,0,1,0,-0.4694635570049286,0,-0.8829522132873535),["QuestLevel"]=1},["MobName"]="Fishman Raider",["SpawnLocation"]={[1]=CFrame.new(-10523.755859375,332.6029968261719,-8597.5888671875,-0.8214843273162842,0,0.570231020450592,0,1,0,-0.570231020450592,0,-0.8214843273162842),[2]=CFrame.new(-10853.8564453125,332.6029968261719,-8425.240234375,0.908007800579071,-0,-0.4189532995223999,0,1,-0,0.4189532995223999,0,0.908007800579071),[3]=CFrame.new(-10117.947265625,332.6029968261719,-8174.68603515625,0.9855113625526428,-0,-0.16960929334163666,0,1,-0,0.16960929334163666,0,0.9855113625526428),[4]=CFrame.new(-10603.64453125,332.6029968261719,-8309.1259765625,0.768652081489563,-0,-0.6396670341491699,0,1,-0,0.6396670341491699,0,0.768652081489563),[5]=CFrame.new(-10223.1142578125,332.6029968261719,-8482.5458984375,-0.9958295822143555,0,-0.09123341739177704,0,1,0,0.09123341739177704,0,-0.9958295822143555)}},["525"]={["FullName"]="Royal Squad",["IsBoss"]=false,["LevelRequest"]=525,["Quest"]={["QuestName"]="SkyExp2Quest",["NpcName"]="Sky Quest Giver 2",["QuestLevel"]=1},["MobName"]="Royal Squad",["SpawnLocation"]={}},["425"]={["FullName"]="Fishman Lord",["IsBoss"]=true,["LevelRequest"]=425,["Quest"]={["QuestName"]="FishmanQuest",["NpcName"]="King Neptune",["QuestLevel"]=3},["MobName"]="Fishman Lord",["SpawnLocation"]={}},["725"]={["FullName"]="Mercenary",["IsBoss"]=false,["LevelRequest"]=725,["Quest"]={["QuestName"]="Area1Quest",["NpcName"]="Area 1 Quest Giver",["QuestLevel"]=2},["MobName"]="Mercenary",["SpawnLocation"]={}},["625"]={["FullName"]="Galley Pirate",["IsBoss"]=false,["LevelRequest"]=625,["Quest"]={["QuestName"]="FountainQuest",["NpcName"]="Freezeburg Quest Giver",["QuestLevel"]=1},["MobName"]="Galley Pirate",["SpawnLocation"]={}},["1100"]={["FullName"]="Lab Subordinate",["IsBoss"]=false,["LevelRequest"]=1100,["Quest"]={["QuestName"]="IceSideQuest",["NpcName"]="Ice Quest Giver",["QuestLevel"]=1},["MobName"]="Lab Subordinate",["SpawnLocation"]={}},["500"]={["FullName"]="Wysper",["IsBoss"]=true,["LevelRequest"]=500,["Quest"]={["QuestName"]="SkyExp1Quest",["NpcName"]="Mole",["QuestLevel"]=3},["MobName"]="Wysper",["SpawnLocation"]={}},["400"]={["FullName"]="Fishman Commando",["IsBoss"]=false,["LevelRequest"]=400,["Quest"]={["QuestName"]="FishmanQuest",["NpcName"]="King Neptune",["QuestLevel"]=2},["MobName"]="Fishman Commando",["SpawnLocation"]={}},["1500"]={["FullName"]="Pirate Millionaire",["IsBoss"]=false,["LevelRequest"]=1500,["Quest"]={["QuestName"]="PiratePortQuest",["NpcName"]="Pirate Port Quest Giver",["QuestCFrame"]=CFrame.new(-450.1050109863281,107.68099975585938,5950.72607421875,0.9571075439453125,-0,-0.28973284363746643,0,1,-0,0.28973284363746643,0,0.9571075439453125),["QuestLevel"]=1},["MobName"]="Pirate Millionaire",["SpawnLocation"]={[1]=CFrame.new(-543.8140258789062,56.69200134277344,5653.96923828125,0.2588643431663513,0,0.965913712978363,0,1,0,-0.965913712978363,0,0.2588643431663513),[2]=CFrame.new(-751.5700073242188,55.48199462890625,5637.533203125,-0.08713150024414062,0,-0.9961968660354614,0,1,0,0.9961968660354614,0,-0.08713150024414062),[3]=CFrame.new(-593.177001953125,55.48699951171875,5511.45703125,-0.9397009611129761,0,0.3419983685016632,0,1,0,-0.3419983685016632,0,-0.9397009611129761),[4]=CFrame.new(-118.80900573730469,55.48699951171875,5649.169921875,-0.9659297466278076,0,0.2588047981262207,0,1,0,-0.2588047981262207,0,-0.9659297466278076),[5]=CFrame.new(-232.9199981689453,57.042999267578125,5757.8330078125,-0.2588644027709961,0,-0.965913712978363,0,1,0,0.965913712978363,0,-0.2588644027709961),[6]=CFrame.new(-62.602996826171875,55.48699951171875,5803.47119140625,0.2588643431663513,0,0.965913712978363,0,1,0,-0.965913712978363,0,0.2588643431663513)}},["2425"]={["FullName"]="Snow Demon",["IsBoss"]=false,["LevelRequest"]=2425,["Quest"]={["QuestName"]="CandyQuest1",["NpcName"]="Candy Cane Quest Giver",["QuestCFrame"]=CFrame.new(-1164.498046875,59.26899719238281,-14492.6181640625,0.2588643431663513,-0,-0.965913712978363,0,1,-0,0.965913712978363,0,0.2588643431663513),["QuestLevel"]=2},["MobName"]="Snow Demon",["SpawnLocation"]={[1]=CFrame.new(-813.5609741210938,15.343002319335938,-14322.71484375,-0.2588644027709961,0,0.965913712978363,0,1,0,-0.965913712978363,0,-0.2588644027709961),[2]=CFrame.new(-936.1519775390625,13.996002197265625,-14552.498046875,-0.46946704387664795,0,-0.8829500079154968,0,1,0,0.8829500079154968,0,-0.46946704387664795),[3]=CFrame.new(-771.2260131835938,14.2239990234375,-14434.3037109375,0.3420426845550537,0,0.9396843910217285,0,1,0,-0.9396843910217285,0,0.3420426845550537),[4]=CFrame.new(-784.6719970703125,24.80999755859375,-14631.78515625,-0.6427637338638306,0,0.7660649418830872,0,1,0,-0.7660649418830872,0,-0.6427637338638306),[5]=CFrame.new(-897.7730102539062,24.593994140625,-14733.771484375,-0.8829522132873535,0,0.4694635570049286,0,1,0,-0.4694635570049286,0,-0.8829522132873535)}},["100"]={["FullName"]="Snowman",["IsBoss"]=false,["LevelRequest"]=100,["Quest"]={["QuestName"]="SnowQuest",["NpcName"]="Villager",["QuestLevel"]=2},["MobName"]="Snowman",["SpawnLocation"]={}},["2050"]={["FullName"]="Posessed Mummy",["IsBoss"]=false,["LevelRequest"]=2050,["Quest"]={["QuestName"]="HauntedQuest2",["NpcName"]="Haunted Castle Quest Giver 2",["QuestCFrame"]=CFrame.new(-9516.9931640625,172.01699829101562,6078.46484375,0,0,-1,0,1,0,1,0,0),["QuestLevel"]=2},["MobName"]="Posessed Mummy",["SpawnLocation"]={[1]=CFrame.new(-9759.3515625,26.9530029296875,6051.97412109375,-0.034969449043273926,0,-0.9993885159492493,0,1,0,0.9993885159492493,0,-0.034969449043273926),[2]=CFrame.new(-9399.6474609375,12.197998046875,6118.81103515625,-0.42259299755096436,0,0.9063196182250977,0,1,0,-0.9063196182250977,0,-0.42259299755096436),[3]=CFrame.new(-9609.3515625,5.9530029296875,6361.97412109375,0.9993888735771179,-0,-0.03495507314801216,0,1,-0,0.03495507314801216,0,0.9993888735771179),[4]=CFrame.new(-9449.3515625,5.9530029296875,6342.97412109375,0.43834662437438965,0,0.8988060355186462,0,1,0,-0.8988060355186462,0,0.43834662437438965),[5]=CFrame.new(-9759.3515625,26.9530029296875,6368.97412109375,0.9993888735771179,-0,-0.03495507314801216,0,1,-0,0.03495507314801216,0,0.9993888735771179)}},["2100"]={["FullName"]="Peanut President",["IsBoss"]=false,["LevelRequest"]=2100,["Quest"]={["QuestName"]="NutsIslandQuest",["NpcName"]="Peanut Quest Giver",["QuestCFrame"]=CFrame.new(-2105.531982421875,37.25,-10195.5087890625,-0.7660616636276245,0,-0.642767608165741,0,1,0,0.642767608165741,0,-0.7660616636276245),["QuestLevel"]=2},["MobName"]="Peanut President",["SpawnLocation"]={[1]=CFrame.new(-1993.406005859375,37.22200012207031,-10682.9052734375,-0.9996757507324219,0,0.025462929159402847,0,1,0,-0.025462929159402847,0,-0.9996757507324219),[2]=CFrame.new(-2247.47607421875,87.322998046875,-10440.8681640625,0.8334993124008179,0,0.5525205731391907,0,1,0,-0.5525205731391907,0,0.8334993124008179),[3]=CFrame.new(-2395.1240234375,87.37600708007812,-10456.306640625,0.23417478799819946,-0,-0.972194492816925,0,1,-0,0.972194492816925,0,0.23417478799819946),[4]=CFrame.new(-1996.0699462890625,37.22200012207031,-10496.9267578125,0.9590322375297546,-0,-0.28329694271087646,0,1,-0,0.28329694271087646,0,0.9590322375297546),[5]=CFrame.new(-2311.987060546875,87.322998046875,-10609.3427734375,-0.9996757507324219,0,0.025462929159402847,0,1,0,-0.025462929159402847,0,-0.9996757507324219),[6]=CFrame.new(-1874.362060546875,37.22200012207031,-10596.576171875,0.19862359762191772,0,0.9800758957862854,0,1,0,-0.9800758957862854,0,0.19862359762191772)}},["2625"]={["FullName"]="Coral Pirate",["IsBoss"]=false,["LevelRequest"]=2625,["Quest"]={["QuestName"]="SubmergedQuest1",["NpcName"]="Submerged Quest Giver 1",["QuestCFrame"]=CFrame.new(10780.6396484375,-2088.4140625,9260.4541015625,-0.49995946884155273,0,-0.8660488128662109,0,1,0,0.8660488128662109,0,-0.49995946884155273),["QuestLevel"]=2},["MobName"]="Coral Pirate",["SpawnLocation"]={[1]=CFrame.new(10824.5439453125,-2087.294677734375,9357.2314453125,-0.5150372982025146,-0.00004250702477293089,0.8571677207946777,0.00004250702477293089,1,0.0000751308398321271,-0.8571677207946777,0.0000751308398321271,-0.5150372982025146),[2]=CFrame.new(10839.4765625,-2087.299072265625,9486.078125,0.9876859188079834,0.00009282927931053564,-0.1564495712518692,-0.00007928246486699209,1,0.00009282927931053564,0.1564495712518692,-0.00007928246486699209,0.9876859188079834),[3]=CFrame.new(10733.1787109375,-2087.297119140625,9411.109375,0.9455184936523438,0.00001424724905518815,-0.3255683183670044,0.00001424724905518815,1,0.00008513815555488691,0.3255683183670044,-0.00008513815555488691,0.9455184936523438),[4]=CFrame.new(10703.7099609375,-2087.296630859375,9255.3818359375,-0.933587908744812,-0.00008487671584589407,-0.3583495020866394,-0.00008487671584589407,1,-0.00001573009831190575,0.3583495020866394,0.00001573009831190575,-0.933587908744812),[5]=CFrame.new(10646.8447265625,-2087.3017578125,9304.1689453125,-0.32560253143310547,-0.00007027699757600203,-0.945506751537323,-0.00007027699757600203,1,-0.00005012617111788131,0.945506751537323,0.00005012617111788131,-0.32560253143310547)}},["1625"]={["FullName"]="Hydra Enforcer",["IsBoss"]=false,["LevelRequest"]=1625,["Quest"]={["QuestName"]="VenomCrewQuest",["NpcName"]="Hydra Town Quest Giver",["QuestCFrame"]=CFrame.new(5214.3388671875,1003.468017578125,759.5070190429688,0.9205106496810913,0,0.3907175064086914,0,1,0,-0.3907175064086914,0,0.9205106496810913),["QuestLevel"]=1},["MobName"]="Hydra Enforcer",["SpawnLocation"]={[1]=CFrame.new(4581.51904296875,1003.1519775390625,704.93701171875,0.9440844655036926,-0,-0.3297036588191986,0,1,-0,0.3297036588191986,0,0.9440844655036926),[2]=CFrame.new(4462.65283203125,1005.1019897460938,551.0059814453125,-0.19753050804138184,0,-0.9802966713905334,0,1,0,0.9802966713905334,0,-0.19753050804138184),[3]=CFrame.new(4456.4228515625,1008.4530029296875,418.8370056152344,-0.9397009611129761,0,0.3419983685016632,0,1,0,-0.3419983685016632,0,-0.9397009611129761),[4]=CFrame.new(4547.115234375,1003.1019897460938,334.19500732421875,0.3888104557991028,-0,-0.9213179349899292,0,1,-0,0.9213179349899292,0,0.3888104557991028),[5]=CFrame.new(4671.68896484375,1004.333984375,-14.567001342773438,-0.9989415407180786,0,-0.04599745571613312,0,1,0,0.04599745571613312,0,-0.9989415407180786),[6]=CFrame.new(4434.080078125,1005.6530151367188,209.52099609375,-0.39214658737182617,0,-0.9199028015136719,0,1,0,0.9199028015136719,0,-0.39214658737182617)}},["90"]={["FullName"]="Snow Bandit",["IsBoss"]=false,["LevelRequest"]=90,["Quest"]={["QuestName"]="SnowQuest",["NpcName"]="Villager",["QuestLevel"]=1},["MobName"]="Snow Bandit",["SpawnLocation"]={}},["75"]={["FullName"]="Desert Officer",["IsBoss"]=false,["LevelRequest"]=75,["Quest"]={["QuestName"]="DesertQuest",["NpcName"]="Desert Adventurer",["QuestLevel"]=2},["MobName"]="Desert Officer",["SpawnLocation"]={}},["2275"]={["FullName"]="Head Baker",["IsBoss"]=false,["LevelRequest"]=2275,["Quest"]={["QuestName"]="CakeQuest2",["NpcName"]="Cake Quest Giver 2",["QuestCFrame"]=CFrame.new(-1928.3179931640625,37.72999572753906,-12840.6259765625,0.9510414004325867,-0,-0.30906355381011963,0,1,-0,0.30906355381011963,0,0.9510414004325867),["QuestLevel"]=2},["MobName"]="Head Baker",["SpawnLocation"]={[1]=CFrame.new(-2251.575927734375,51.00999450683594,-13033.3974609375,-0.9919710159301758,0,-0.12646609544754028,0,1,0,0.12646609544754028,0,-0.9919710159301758),[2]=CFrame.new(-2369.090087890625,51.00999450683594,-12807.921875,0.868320882320404,-0,-0.49600285291671753,0,1,-0,0.49600285291671753,0,0.868320882320404),[3]=CFrame.new(-2100.705078125,51.00999450683594,-12720.9658203125,0.9965877532958984,-0,-0.08253967016935349,0,1,-0,0.08253967016935349,0,0.9965877532958984),[4]=CFrame.new(-2263.35400390625,51.00999450683594,-12711.3916015625,0.868320882320404,-0,-0.49600285291671753,0,1,-0,0.49600285291671753,0,0.868320882320404),[5]=CFrame.new(-2389.22900390625,51.00999450683594,-13018.3349609375,-0.8807699680328369,0,-0.47354426980018616,0,1,0,0.47354426980018616,0,-0.8807699680328369),[6]=CFrame.new(-2151.3779296875,51.00999450683594,-13033.3974609375,-0.9965877532958984,0,0.08253967016935349,0,1,0,-0.08253967016935349,0,-0.9965877532958984)}},["1275"]={["FullName"]="Ship Engineer",["IsBoss"]=false,["LevelRequest"]=1275,["Quest"]={["QuestName"]="ShipQuest1",["NpcName"]="Rear Crew Quest Giver",["QuestLevel"]=2},["MobName"]="Ship Engineer",["SpawnLocation"]={}},["1425"]={["FullName"]="Sea Soldier",["IsBoss"]=false,["LevelRequest"]=1425,["Quest"]={["QuestName"]="ForgottenQuest",["NpcName"]="Forgotten Quest Giver",["QuestLevel"]=1},["MobName"]="Sea Soldier",["SpawnLocation"]={}},["925"]={["FullName"]="Orbitus",["IsBoss"]=true,["LevelRequest"]=925,["Quest"]={["QuestName"]="MarineQuest3",["NpcName"]="Marine Quest Giver",["QuestLevel"]=3},["MobName"]="Orbitus",["SpawnLocation"]={}},["1675"]={["FullName"]="Hydra Leader",["IsBoss"]=true,["LevelRequest"]=1675,["Quest"]={["QuestName"]="VenomCrewQuest",["NpcName"]="Hydra Town Quest Giver",["QuestCFrame"]=CFrame.new(5214.3388671875,1003.468017578125,759.5070190429688,0.9205106496810913,0,0.3907175064086914,0,1,0,-0.3907175064086914,0,0.9205106496810913),["QuestLevel"]=3},["MobName"]="Hydra Leader",["SpawnLocation"]={[1]=CFrame.new(5888.77392578125,1020.1489868164062,-117.81500244140625,-0.5446655750274658,0,0.8386534452438354,0,1,0,-0.8386534452438354,0,-0.5446655750274658)}},["2025"]={["FullName"]="Demonic Soul",["IsBoss"]=false,["LevelRequest"]=2025,["Quest"]={["QuestName"]="HauntedQuest2",["NpcName"]="Haunted Castle Quest Giver 2",["QuestCFrame"]=CFrame.new(-9516.9931640625,172.01699829101562,6078.46484375,0,0,-1,0,1,0,1,0,0),["QuestLevel"]=1},["MobName"]="Demonic Soul",["SpawnLocation"]={[1]=CFrame.new(-9344.9560546875,171.9530029296875,6201.408203125,0.9993888735771179,-0,-0.03495507314801216,0,1,-0,0.03495507314801216,0,0.9993888735771179),[2]=CFrame.new(-9253.9560546875,171.9530029296875,6050.408203125,-0.9993889331817627,0,0.03495507314801216,0,1,0,-0.03495507314801216,0,-0.9993889331817627),[3]=CFrame.new(-9631.9560546875,171.9530029296875,6053.408203125,-0.9993889331817627,0,0.03495507314801216,0,1,0,-0.03495507314801216,0,-0.9993889331817627),[4]=CFrame.new(-9426.9560546875,171.9530029296875,6048.408203125,-0.9993889331817627,0,0.03495507314801216,0,1,0,-0.03495507314801216,0,-0.9993889331817627),[5]=CFrame.new(-9753.9560546875,171.9530029296875,6166.408203125,-0.034969449043273926,0,-0.9993885159492493,0,1,0,0.9993885159492493,0,-0.034969449043273926),[6]=CFrame.new(-9565.9560546875,171.9530029296875,6235.408203125,0.9993888735771179,-0,-0.03495507314801216,0,1,-0,0.03495507314801216,0,0.9993888735771179)}},["2550"]={["FullName"]="Serpent Hunter",["IsBoss"]=false,["LevelRequest"]=2550,["Quest"]={["QuestName"]="TikiQuest3",["NpcName"]="Tiki Quest Giver 3",["QuestCFrame"]=CFrame.new(-16665.19140625,104.59600830078125,1579.6939697265625,0.9510684013366699,-0,-0.30898046493530273,0,1,-0,0.30898046493530273,0,0.9510684013366699),["QuestLevel"]=1},["MobName"]="Serpent Hunter",["SpawnLocation"]={[1]=CFrame.new(-16536.025390625,106.87001037597656,1347.1400146484375,0,0,1,0,1,-0,-1,0,0),[2]=CFrame.new(-16599.70703125,71.08999633789062,1757.9129638671875,0.9205106496810913,-0,-0.3907175064086914,0,1,-0,0.3907175064086914,0,0.9205106496810913),[3]=CFrame.new(-16442.826171875,71.63700866699219,1693.446044921875,0.5150373578071594,0,0.8571677207946777,0,1,0,-0.8571677207946777,0,0.5150373578071594),[4]=CFrame.new(-16621.419921875,121.90800476074219,1290.68994140625,0,0,-1,0,1,0,1,0,0),[5]=CFrame.new(-16521.0625,106.09300231933594,1488.7850341796875,0.46946704387664795,0,0.8829500079154968,0,1,0,-0.8829500079154968,0,0.46946704387664795)}},["1550"]={["FullName"]="Stone",["IsBoss"]=tru